sp	Genus	Species	Family	SampleSize	PC1score	PC2score	PFT_1axis	PFT_2axes	mu1_1	mu2_1	mu3_1	mu4_1	G1_1	G2_1	G3_1	G4_1	F_1	mu1_2	mu2_2	mu3_2	mu4_2	G1_2	G2_2	G3_2	G4_2	F_2	wd
ACACME	Vachellia	melanoceras	Fabaceae	66	0.239796805	1.099479084	2	3	0.0214	0.0147	0.02	0.0297	3.1236	1.1205	0.5641	0.4758	0.0166	0.0166	0.0095	0.0146	0.0236	3.8992	1.3626	0.7476	0.5937	0.0163	0.678
ACALDI	Acalypha	diversifolia	Euphorbiaceae	2500	-1.965849955	-0.620495572	1	2	0.0308	0.0305	0.0636	0.0838	4.7434	2.6659	1.0111	0.7438	1.152	0.0355	0.039	0.0759	0.0954	4.1853	2.3872	0.8625	0.6564	1.1941	0.3
ACALMA	Acalypha	macrostachya	Euphorbiaceae	323	-2.292844925	-0.688486442	1	2	0.0325	0.034	0.0754	0.0977	5.0465	3.0314	1.1025	0.7947	0.0959	0.0381	0.0447	0.0919	0.1129	4.392	2.6819	0.9242	0.6918	0.1005	0.3
ADE1TR	Adelia	triloba	Euphorbiaceae	1464	-0.692184416	-0.404221877	2	5	0.025	0.02	0.0326	0.046	3.7266	1.6161	0.7218	0.5746	0.0662	0.0274	0.0235	0.0366	0.0501	3.4348	1.504	0.6508	0.5297	0.067	0.604
AEGIPA	Aegiphila	panamensis	Lamiaceae	534	-0.506814552	-1.048671018	2	4	0.0242	0.0188	0.0296	0.0422	3.598	1.5026	0.6873	0.5535	0.0318	0.0308	0.0286	0.04	0.0526	2.912	1.2468	0.5254	0.4481	0.0328	0.657
ALCHCO	Alchornea	costaricensis	Euphorbiaceae	1648	-2.305442681	1.098340551	1	2	0.0326	0.0341	0.0759	0.0983	5.0585	3.0465	1.1061	0.7967	0.1501	0.0253	0.0221	0.0554	0.078	6.3133	3.704	1.4655	0.994	0.1409	0.301
ALCHLA	Alchornea	latifolia	Euphorbiaceae	11	-0.383890663	1.226569376	2	3	0.0237	0.0181	0.0278	0.0398	3.5152	1.4317	0.6653	0.5398	9.00E-04	0.0179	0.0111	0.0195	0.0307	4.5022	1.7809	0.9109	0.6911	9.00E-04	0.42
ALIBED	Alibertia	edulis	Rubiaceae	1566	2.063166177	-1.639176124	3	1	0.0159	0.0081	0.0077	0.0126	2.2113	0.5473	0.3482	0.3288	0.2086	0.0231	0.0154	0.0123	0.0178	1.5887	0.4089	0.2288	0.2364	0.2118	0.76
ALLOPS	Allophylus	psilospermus	Sapindaceae	837	-1.05262931	0.764874134	1	2	0.0265	0.0226	0.0394	0.0545	3.9899	1.862	0.7941	0.6182	0.0736	0.0222	0.0166	0.0317	0.0464	4.6557	2.1335	0.9659	0.7211	0.0718	0.513
ALSEBL	Alseis	blackiana	Rubiaceae	4000	2.366613107	0.85390399	3	1	0.0151	0.0073	0.0066	0.0109	2.0878	0.4858	0.3213	0.3092	3.5612	0.0124	0.0052	0.0052	0.0091	2.4803	0.5655	0.3999	0.3673	3.5419	0.536
AMAICO	Amaioua	corymbosa	Rubiaceae	161	0.71341707	0.518801162	2	5	0.0198	0.0126	0.0156	0.0238	2.8555	0.9302	0.4977	0.4322	0.0043	0.0176	0.0102	0.0135	0.0213	3.1706	1.0202	0.5684	0.4798	0.0043	0.625
ANACEX	Anacardium	excelsum	Anacardiaceae	152	-1.202751661	2.825274078	1	3	0.0272	0.0237	0.0426	0.0585	4.105	1.9752	0.8262	0.6372	0.0048	0.0141	0.0077	0.019	0.0323	7.2586	3.2654	1.7036	1.1256	0.0044	0.391
ANAXPA	Anaxagorea	panamensis	Annonaceae	2024	1.408634797	-0.847706174	3	1	0.0177	0.01	0.0109	0.0171	2.5032	0.7079	0.414	0.3755	0.4548	0.0215	0.014	0.0139	0.0205	2.1097	0.6087	0.3332	0.3165	0.4595	0.53
ANDIIN	Andira	inermis	Fabaceae-papilionoideae	1718	2.267530684	0.435258264	3	1	0.0153	0.0075	0.0069	0.0114	2.1274	0.5051	0.3299	0.3155	0.0505	0.0139	0.0063	0.0061	0.0104	2.3226	0.5458	0.3688	0.3444	0.0503	0.642
ANNOAC	Annona	acuminata	Annonaceae	1889	1.820645656	-1.712388011	3	1	0.0165	0.0087	0.0088	0.0141	2.3153	0.602	0.3713	0.3454	0.3013	0.0245	0.0172	0.0143	0.0202	1.639	0.4439	0.2395	0.2447	0.3069	0.518
ANNOSP	Annona	spraguei	Annonaceae	702	-3.575051205	-0.390816437	1	2	0.0401	0.0519	0.1475	0.1785	6.4337	5.0173	1.5477	1.0304	0.4402	0.0439	0.0606	0.165	0.1938	5.946	4.6803	1.4003	0.9524	0.4622	0.559
APEIME	Apeiba	membranacea	Malvaceae	1910	-2.124953673	1.865922017	1	2	0.0316	0.0321	0.0691	0.0903	4.8885	2.8379	1.0546	0.7681	0.0874	0.0205	0.0153	0.0405	0.0609	7.1229	3.9554	1.7007	1.1184	0.0799	0.278
APEITI	Apeiba	tibourbou	Malvaceae	213	-1.766821001	0.677146948	1	2	0.0298	0.0286	0.0573	0.0763	4.5679	2.4653	0.9592	0.7144	0.0293	0.0255	0.0218	0.0472	0.0661	5.2365	2.781	1.1409	0.8187	0.0284	0.2
APHESI	Aphelandra	sinclairiana	Acanthaceae	51	-0.749558524	-0.202721306	2	5	0.0252	0.0204	0.0336	0.0473	3.7673	1.653	0.7329	0.5813	0.0092	0.0264	0.0221	0.0356	0.0493	3.6164	1.5944	0.6958	0.5581	0.0093	0.652
APPUSE	Morinda	seibertii	Rubiaceae	13	0.398404619	-0.161347016	2	5	0.0209	0.014	0.0184	0.0276	3.0311	1.0528	0.5409	0.4607	0.0017	0.0217	0.0149	0.0193	0.0285	2.934	1.023	0.519	0.446	0.0017	0.558
ARDIBA	Ardisia	bartlettii	Myrsinaceae	21	0.384556535	-0.848811775	2	4	0.0209	0.014	0.0186	0.0277	3.0391	1.0586	0.5429	0.462	0.0052	0.0254	0.0196	0.0237	0.0332	2.5608	0.9102	0.4368	0.3894	0.0053	0.599
ARDIFE	Ardisia	standleyana	Myrsinaceae	526	2.392431671	0.290279471	3	1	0.015	0.0072	0.0065	0.0108	2.0776	0.4809	0.3192	0.3076	0.0438	0.0141	0.0064	0.006	0.0101	2.2029	0.5064	0.3438	0.3261	0.0437	0.599
ARDIGU	Ardisia	guianensis	Myrsinaceae	113	0.883073168	-0.525386888	3	1	0.0193	0.0119	0.0143	0.0219	2.7652	0.8702	0.4758	0.4176	0.0128	0.0217	0.0147	0.0166	0.0245	2.4871	0.7926	0.4159	0.3757	0.0129	0.62
ASPICR	Aspidosperma	spruceanum	Apocynaceae	2096	1.797630192	1.315855429	3	1	0.0166	0.0088	0.0089	0.0143	2.3254	0.6075	0.3735	0.347	0.1553	0.0122	0.0052	0.0061	0.0108	3.0324	0.7678	0.5233	0.4523	0.1537	0.753
AST2GR	Astronium	graveolens	Anacardiaceae	463	0.433243756	2.100520268	2	3	0.0207	0.0138	0.0181	0.0271	3.0112	1.0385	0.5359	0.4575	0.0486	0.0128	0.006	0.0099	0.0174	4.6002	1.5091	0.9178	0.6984	0.0472	0.868
BANAGU	Banara	guianensis	Salicaceae	10	-1.553185331	0.360712163	1	2	0.0288	0.0266	0.0512	0.069	4.3867	2.2668	0.9065	0.6841	0.0059	0.0265	0.0231	0.0462	0.0639	4.7179	2.4171	0.9943	0.7357	0.0058	0.61
BEILPE	Beilschmiedia	tovarensis	Lauraceae	3725	0.829889549	1.118922991	3	3	0.0194	0.0121	0.0147	0.0225	2.7932	0.8886	0.4825	0.4222	1.2918	0.015	0.0078	0.0107	0.0178	3.5006	1.0844	0.6427	0.5289	1.2736	0.574
BOROPA	Alibertia	dwyeri	Rubiaceae	6	0.334571642	-0.13091213	2	5	0.0211	0.0143	0.0191	0.0284	3.068	1.0796	0.5501	0.4667	9.00E-04	0.0217	0.015	0.0198	0.0292	2.988	1.0547	0.532	0.4546	9.00E-04	0.738
BROSAL	Brosimum	alicastrum	Moraceae	2932	1.535175861	2.203380625	3	3	0.0173	0.0096	0.0102	0.0161	2.4439	0.6735	0.4004	0.366	0.1738	0.0104	0.004	0.0054	0.0102	3.8119	0.9968	0.704	0.5703	0.1708	0.608
BROSGU	Brosimum	guianense	Moraceae	34	0.712370239	0.758790849	2	3	0.0198	0.0126	0.0157	0.0238	2.8561	0.9306	0.4978	0.4323	9.00E-04	0.0166	0.0093	0.0126	0.0203	3.3286	1.0651	0.6046	0.5037	9.00E-04	0.844
CALOLO	Calophyllum	longifolium	Clusiaceae	2804	-0.16329861	0.150004055	2	5	0.0229	0.0168	0.0247	0.0359	3.3714	1.3128	0.6276	0.5163	1.2303	0.0221	0.0158	0.0237	0.0348	3.475	1.3484	0.6522	0.5321	1.2262	0.542
CAPPFR	Capparidastrum	frondosum	Capparaceae	3000	4.165007585	-0.634081204	3	1	0.0112	0.004	0.0026	0.0047	1.4851	0.2396	0.1997	0.2148	0.7319	0.013	0.0052	0.0031	0.0054	1.3068	0.2141	0.1697	0.1891	0.7334	0.754
CASEAC	Casearia	aculeata	Salicaceae	1929	1.58931259	-0.25300332	3	1	0.0171	0.0094	0.0099	0.0157	2.419	0.6593	0.3947	0.362	0.2541	0.0182	0.0104	0.0106	0.0166	2.2986	0.6303	0.3699	0.344	0.2548	0.66
CASEAR	Casearia	arborea	Salicaceae	1110	-2.494637634	0.822147528	1	2	0.0336	0.0363	0.0838	0.1074	5.2431	3.2816	1.1629	0.8279	0.0722	0.0278	0.0262	0.0662	0.0903	6.189	3.7986	1.4355	0.9769	0.0685	0.574
CASECO	Casearia	commersoniana	Salicaceae	131	1.420059504	0.921061233	3	1	0.0176	0.01	0.0108	0.017	2.4978	0.7047	0.4128	0.3746	0.0059	0.0143	0.0069	0.0083	0.014	3.0079	0.8302	0.5226	0.4509	0.0058	0.63
CASEGU	Casearia	guianensis	Salicaceae	100	1.743750275	-0.194962183	3	1	0.0167	0.0089	0.0091	0.0146	2.3493	0.6205	0.3789	0.3508	0.005	0.0175	0.0097	0.0096	0.0152	2.2587	0.5994	0.3605	0.3373	0.005	0.755
CASESY	Casearia	sylvestris	Salicaceae	1156	-0.459049083	-0.627459579	2	5	0.024	0.0185	0.0289	0.0412	3.5656	1.4746	0.6787	0.5481	0.077	0.0278	0.0238	0.0346	0.0471	3.1417	1.3189	0.5779	0.4831	0.0784	0.703
CASSEL	Cassipourea	elliptica	Rhizophoraceae	2956	1.597096368	0.726691174	3	1	0.0171	0.0094	0.0099	0.0157	2.4154	0.6573	0.3939	0.3614	0.4554	0.0145	0.007	0.008	0.0135	2.7968	0.7481	0.4745	0.4184	0.4524	0.637
CAVAPL	Cavanillesia	platanifolia	Malvaceae	140	-0.665216316	3.161738995	2	3	0.0249	0.0198	0.0322	0.0454	3.7076	1.5991	0.7167	0.5715	0.0073	0.012	0.0056	0.013	0.0234	7.0164	2.8067	1.6108	1.0802	0.0069	0.36
CECRIN	Cecropia	insignis	Urticaceae	3131	-5.440465131	2.1548466	1	2	0.0545	0.0962	0.3915	0.4291	9.1604	10.4431	2.5354	1.5035	4.5	0.0332	0.0409	0.2112	0.2726	14.1485	15.3231	4.4029	2.3204	2.6466	0.318
CECRLO	Cecropia	longipes	Urticaceae	27	-2.13129061	0.012319918	1	2	0.0316	0.0322	0.0693	0.0905	4.8944	2.845	1.0563	0.7691	0.0211	0.0315	0.0321	0.0691	0.0903	4.9066	2.8512	1.0597	0.771	0.0211	0.336
CECROB	Cecropia	obtusifolia	Urticaceae	533	-4.98876997	0.496640914	1	2	0.0506	0.0828	0.3091	0.347	8.4092	8.7447	2.2498	1.3721	0.726	0.0452	0.068	0.2681	0.3126	9.2955	9.5526	2.555	1.5164	0.6468	0.307
CEDROD	Cedrela	odorata	Meliaceae	40	-2.262625656	0.439360475	1	2	0.0323	0.0336	0.0742	0.0963	5.0177	2.9957	1.0937	0.7899	0.0204	0.0292	0.0283	0.0655	0.0878	5.4827	3.2392	1.224	0.8629	0.0199	0.446
CEIBPE	Ceiba	pentandra	Malvaceae	370	-2.284782293	2.119479813	1	2	0.0324	0.0339	0.0751	0.0973	5.0388	3.0219	1.1001	0.7934	0.0474	0.0199	0.0146	0.0409	0.0623	7.7272	4.4061	1.8932	1.2158	0.0425	0.305
CELTSC	Celtis	schippii	Cannabaceae	872	-0.685050926	1.356489925	2	3	0.0249	0.02	0.0325	0.0459	3.7216	1.6116	0.7205	0.5738	0.0119	0.0182	0.0116	0.022	0.0345	4.893	2.0515	1.0198	0.754	0.0115	0.616
CESPMA	Cespedesia	spathulata	Ochnaceae	25	-0.642877601	1.896403606	2	3	0.0248	0.0197	0.0318	0.045	3.692	1.5851	0.7125	0.5689	9.00E-04	0.016	0.0093	0.0185	0.0302	5.4127	2.2213	1.158	0.8335	9.00E-04	0.613
CESTME	Cestrum	schlechtendahlii	Solanaceae	887	-1.657911544	-2.10232921	1	4	0.0293	0.0275	0.0541	0.0725	4.4746	2.3621	0.932	0.6988	0.1077	0.0475	0.0635	0.0988	0.1128	2.9279	1.6249	0.5439	0.4576	0.122	0.736
CHA2SC	Chamguava	schippii	Myrtaceae	1459	1.849951887	0.312680414	3	1	0.0164	0.0086	0.0086	0.0139	2.3025	0.5952	0.3684	0.3434	0.292	0.0153	0.0076	0.0079	0.013	2.4524	0.6292	0.3991	0.3657	0.2912	0.756
CHIMPA	Chimarrhis	parviflora	Rubiaceae	19	-0.748309407	1.776653453	2	3	0.0252	0.0204	0.0336	0.0472	3.7664	1.6522	0.7326	0.5812	9.00E-04	0.0167	0.0101	0.0202	0.0325	5.3901	2.2664	1.1548	0.8312	9.00E-04	0.712
CHR1EC	Chrysochlamys	eclipes	Clusiaceae	1779	2.405889438	-0.641675811	3	1	0.015	0.0072	0.0065	0.0107	2.0724	0.4784	0.318	0.3068	0.0925	0.0174	0.0093	0.0078	0.0123	1.8207	0.4267	0.2698	0.2696	0.093	0.43
CHR2AR	Chrysophyllum	argenteum	Sapotaceae	2370	1.333129397	0.358646289	3	1	0.0179	0.0102	0.0113	0.0178	2.5393	0.7292	0.4224	0.3813	0.449	0.0165	0.0089	0.0102	0.0165	2.7298	0.7772	0.463	0.4098	0.4473	0.765
CHR2CA	Chrysophyllum	cainito	Sapotaceae	665	1.402746512	0.505017108	3	1	0.0177	0.01	0.0109	0.0172	2.506	0.7095	0.4147	0.3759	0.1196	0.0157	0.0082	0.0094	0.0154	2.7748	0.7762	0.4719	0.4162	0.119	0.655
CLIDDE	Clidemia	dentata	Melastomataceae	74	-3.156509492	-2.058673161	1	2	0.0375	0.0452	0.1185	0.1466	5.9434	4.2564	1.3855	0.9466	0.0716	0.0602	0.1024	0.2137	0.2261	3.9234	2.9509	0.8177	0.6254	0.0922	0.671
CLIDOC	Clidemia	octona	Melastomataceae	48	-3.342407933	-2.081079385	1	2	0.0386	0.0481	0.1306	0.16	6.1564	4.579	1.4553	0.983	0.0576	0.0624	0.1099	0.2371	0.2479	4.0457	3.1619	0.854	0.6465	0.0764	0.671
COCCCO	Coccoloba	coronata	Polygonaceae	925	2.262755932	-0.224821629	3	1	0.0153	0.0075	0.007	0.0115	2.1293	0.506	0.3303	0.3158	0.0803	0.0162	0.0082	0.0074	0.012	2.0349	0.4862	0.3118	0.3018	0.0805	0.672
COCCMA	Coccoloba	manzinellensis	Polygonaceae	1756	3.225622189	0.291170296	3	1	0.0131	0.0055	0.0042	0.0073	1.7743	0.3466	0.256	0.2599	0.1259	0.0122	0.0049	0.0039	0.0069	1.8817	0.3651	0.2758	0.2755	0.1258	0.672
COLUGL	Colubrina	glandulosa	Rhamnaceae	11	-0.811104602	0.859101934	1	3	0.0255	0.0208	0.0347	0.0487	3.8115	1.6934	0.7449	0.5886	0.0028	0.0209	0.0148	0.0272	0.0406	4.5328	1.9731	0.9282	0.6998	0.0027	0.739
CONOBR	Conostegia	bracteata	Melastomataceae	28	-1.415711954	0.033724208	1	2	0.0281	0.0254	0.0477	0.0647	4.274	2.1476	0.8741	0.6653	0.0117	0.0279	0.0251	0.0472	0.0642	4.3032	2.1605	0.8817	0.6699	0.0117	0.671
CONOCI	Conostegia	cinnamomea	Melastomataceae	1249	-0.790499958	-2.512635103	1	4	0.0254	0.0207	0.0344	0.0482	3.7967	1.6798	0.7409	0.5862	0.2406	0.0453	0.0561	0.0706	0.0818	2.287	1.0742	0.3893	0.3534	0.2667	0.671
CORDAL	Cordia	alliodora	Boraginaceae	685	-2.520928208	1.454215244	1	2	0.0337	0.0366	0.085	0.1087	5.2693	3.3157	1.171	0.8323	0.1528	0.0241	0.0206	0.056	0.0801	7.0658	4.2949	1.6995	1.1154	0.1398	0.517
CORDBI	Cordia	bicolor	Boraginaceae	3236	-1.356070914	0.516912781	1	2	0.0278	0.0249	0.0462	0.0629	4.226	2.0979	0.8604	0.6573	0.8751	0.0247	0.0203	0.0398	0.0564	4.6905	2.3	0.9822	0.7295	0.8579	0.475
CORDLA	Cordia	lasiocalyx	Boraginaceae	3043	-0.193190173	0.009298511	2	5	0.023	0.017	0.0251	0.0364	3.3905	1.3284	0.6326	0.5194	0.7009	0.0229	0.0169	0.0251	0.0363	3.3969	1.3306	0.6341	0.5204	0.7007	0.397
COU2CU	Coussarea	curvigemmia	Rubiaceae	3043	1.075374795	0.003041147	3	1	0.0187	0.0112	0.0129	0.02	2.6663	0.8069	0.4522	0.4017	1.0731	0.0186	0.0111	0.0129	0.02	2.668	0.8073	0.4526	0.4019	1.0731	0.618
COUTHE	Coutarea	hexandra	Rubiaceae	13	-0.03055177	1.260138437	2	3	0.0224	0.0161	0.0231	0.0337	3.2877	1.2461	0.6059	0.5026	9.00E-04	0.0167	0.0097	0.0161	0.0259	4.2393	1.5593	0.8367	0.6477	9.00E-04	0.6
CROTBI	Croton	billbergianus	Euphorbiaceae	2480	-4.628285216	-1.194159578	1	2	0.0477	0.0735	0.256	0.2929	7.8542	7.5897	2.0451	1.2755	3.335	0.0629	0.1182	0.3604	0.3766	6.1727	6.1368	1.5062	1.0028	4.4202	0.516
CUPACI	Cupania	cinerea	Sapindaceae	51	0.036652484	0.045666049	2	5	0.0221	0.0157	0.0223	0.0327	3.2461	1.2136	0.5952	0.4958	0.0106	0.0219	0.0154	0.022	0.0324	3.2761	1.2235	0.6022	0.5003	0.0106	0.5
CUPALA	Cupania	latifolia	Sapindaceae	295	-0.282834152	1.156779013	2	3	0.0233	0.0175	0.0263	0.038	3.4486	1.376	0.6477	0.5289	0.0233	0.0179	0.011	0.0189	0.0298	4.3551	1.6905	0.8711	0.6676	0.0228	0.609
CUPARU	Cupania	rufescens	Sapindaceae	523	1.449624368	0.816786998	3	1	0.0175	0.0099	0.0106	0.0168	2.4839	0.6965	0.4096	0.3724	0.1027	0.0145	0.0071	0.0084	0.0142	2.9288	0.8055	0.5049	0.4389	0.1019	0.609
CUPASY	Cupania	seemannii	Sapindaceae	3020	3.423106565	1.171344698	3	1	0.0127	0.0051	0.0038	0.0066	1.7092	0.3207	0.243	0.2497	0.5435	0.0097	0.0032	0.0027	0.0052	2.1648	0.3951	0.328	0.3161	0.5412	0.609
CYPHHA	Solanum	circinatum	Solanaceae	18	-2.119327916	-1.180393832	1	2	0.0316	0.0321	0.0689	0.09	4.8833	2.8316	1.053	0.7673	0.0126	0.0415	0.0513	0.0966	0.1154	3.8485	2.2952	0.7783	0.6049	0.0137	0.422
DENDAR	Dendropanax	arboreus	Araliaceae	775	-1.476951108	1.567220417	1	3	0.0284	0.0259	0.0492	0.0666	4.3239	2.1999	0.8884	0.6736	0.0088	0.0198	0.0139	0.0314	0.0479	5.9318	2.9075	1.3272	0.9236	0.0083	0.421
DES2PA	Desmopsis	panamensis	Annonaceae	3005	1.731824976	-1.118780914	3	1	0.0167	0.009	0.0092	0.0147	2.3546	0.6234	0.3801	0.3517	5.9384	0.0217	0.014	0.0126	0.0186	1.8788	0.5109	0.2854	0.2807	6.0087	0.764
DIO2AR	Diospyros	artanthifolia	Ebenaceae	438	1.29780308	1.524117209	3	3	0.018	0.0104	0.0115	0.0181	2.5563	0.7394	0.4264	0.384	0.0541	0.0127	0.0057	0.0074	0.0131	3.4766	0.9697	0.63	0.5219	0.0533	0.697
DIPTPA	Dipteryx	oleifera	Fabaceae-papilionoideae	307	0.188696358	2.511302383	2	3	0.0216	0.015	0.0206	0.0304	3.1539	1.1433	0.5718	0.4807	0.0114	0.0121	0.0055	0.01	0.0179	5.2346	1.7873	1.0878	0.7971	0.011	0.848
DRYPST	Drypetes	standleyi	Putranjivaceae	3307	1.705172215	0.950980651	3	1	0.0168	0.0091	0.0093	0.0149	2.3665	0.63	0.3828	0.3536	0.6242	0.0135	0.0062	0.0071	0.0122	2.867	0.7461	0.4884	0.4282	0.6191	0.675
ENTESC	Enterolobium	schomburgkii	Fabaceae-mimosoideae	77	-0.055596238	2.423956014	2	3	0.0225	0.0162	0.0234	0.0341	3.3033	1.2584	0.6099	0.5051	9.00E-04	0.0129	0.0062	0.0117	0.0205	5.3867	1.9371	1.1348	0.8229	9.00E-04	0.699
ERY1CO	Erythrina	costaricensis	Fabaceae-papilionoideae	1050	-0.168999259	-0.858048856	2	4	0.0229	0.0168	0.0248	0.036	3.375	1.3158	0.6285	0.5168	0.0178	0.0279	0.0237	0.0317	0.0431	2.8386	1.1295	0.5045	0.4348	0.0182	0.288
ERY2MA	Erythroxylum	macrophyllum	Erythroxylaceae	1570	0.230544131	-1.67182837	2	4	0.0214	0.0148	0.0201	0.0298	3.129	1.1246	0.5655	0.4767	0.1987	0.0315	0.0287	0.0325	0.0424	2.2332	0.8352	0.3685	0.3404	0.2064	0.71
ERY2PA	Erythroxylum	panamense	Erythroxylaceae	646	1.652114184	-1.287767072	3	1	0.017	0.0092	0.0096	0.0153	2.3904	0.6433	0.3882	0.3574	0.0586	0.0228	0.0154	0.0138	0.02	1.8435	0.5115	0.2791	0.2758	0.0595	0.72
EUGECO	Eugenia	coloradoensis	Myrtaceae	2749	0.413318081	-0.632399382	2	5	0.0208	0.0139	0.0183	0.0274	3.0226	1.0467	0.5388	0.4593	0.3032	0.0241	0.0179	0.0219	0.0313	2.6605	0.9353	0.4582	0.4044	0.3068	0.726
EUGEGA	Eugenia	galalonensis	Myrtaceae	2578	1.923440027	-1.386405433	3	1	0.0162	0.0084	0.0083	0.0135	2.2707	0.5782	0.3613	0.3383	1.1006	0.0223	0.0146	0.0124	0.018	1.7166	0.4518	0.2533	0.2559	1.1156	0.726
EUGENE	Eugenia	nesiotica	Myrtaceae	2240	2.670584245	-0.519319067	3	1	0.0144	0.0066	0.0056	0.0095	1.971	0.4311	0.2965	0.2908	0.1836	0.0162	0.0081	0.0065	0.0106	1.775	0.393	0.2596	0.2619	0.1842	0.726
EUGEOE	Eugenia	oerstediana	Myrtaceae	3249	-0.232689268	-0.771233123	2	4	0.0231	0.0172	0.0257	0.0371	3.416	1.3491	0.6392	0.5236	1.2724	0.0277	0.0234	0.032	0.0436	2.9238	1.1761	0.5246	0.4483	1.2978	0.726
FARAOC	Faramea	occidentalis	Rubiaceae	3541	1.405877096	0.546496903	3	1	0.0177	0.01	0.0109	0.0172	2.5045	0.7086	0.4143	0.3757	9.5934	0.0156	0.0081	0.0093	0.0153	2.7965	0.781	0.4766	0.4194	9.5386	0.588
FICUIN	Ficus	insipida	Moraceae	65	-1.34145535	1.054571979	1	2	0.0278	0.0248	0.0458	0.0624	4.2143	2.0858	0.8571	0.6554	0.0193	0.0218	0.0163	0.0339	0.05	5.2134	2.5164	1.1229	0.8105	0.0186	0.377
FICUMA	Ficus	maxima	Moraceae	47	-0.716109905	2.071743964	2	3	0.0251	0.0202	0.0331	0.0465	3.7435	1.6314	0.7264	0.5774	0.0018	0.0155	0.0089	0.0183	0.0301	5.6859	2.3586	1.2349	0.8763	0.0018	0.36
FICUTO	Ficus	tonduzii	Moraceae	256	-0.604990451	0.483476398	2	5	0.0246	0.0194	0.0312	0.0442	3.6656	1.5617	0.7054	0.5646	0.0027	0.022	0.016	0.0272	0.0399	4.0411	1.702	0.7984	0.6223	0.0027	0.424
FICUYO	Ficus	yoponensis	Moraceae	41	-0.335877339	2.272715038	2	3	0.0235	0.0178	0.0271	0.0389	3.4834	1.405	0.6569	0.5346	0.0027	0.0139	0.0072	0.0141	0.0241	5.5097	2.1052	1.1757	0.8449	0.0026	0.424
GAR2IN	Garcinia	intermedia	Clusiaceae	3047	1.810196115	-0.123744359	3	1	0.0165	0.0088	0.0088	0.0142	2.3199	0.6045	0.3723	0.3461	1.8485	0.017	0.0092	0.0091	0.0146	2.2627	0.5914	0.3607	0.3376	1.8507	0.662
GAR2MA	Garcinia	madruno	Clusiaceae	1925	0.465591085	-1.257324822	2	4	0.0206	0.0137	0.0178	0.0267	2.9928	1.0254	0.5314	0.4545	0.1977	0.0276	0.0225	0.0255	0.0348	2.3223	0.8198	0.3851	0.3528	0.2026	0.727
GENIAM	Genipa	americana	Rubiaceae	468	1.204791174	1.12977935	3	1	0.0183	0.0107	0.0121	0.0189	2.6018	0.7669	0.437	0.3913	0.0051	0.0141	0.0068	0.0088	0.0149	3.2678	0.9376	0.5836	0.4913	0.005	0.632
GUAPST	Guapira	standleyana	Nyctaginaceae	1144	-0.623499216	2.398892793	2	3	0.0247	0.0196	0.0315	0.0446	3.6785	1.5731	0.7088	0.5667	0.0247	0.0142	0.0075	0.0158	0.0269	5.9682	2.4106	1.3103	0.9186	0.0234	0.599
GUARGR	Guarea	grandifolia	Meliaceae	351	0.743201911	1.27728438	2	3	0.0197	0.0125	0.0154	0.0234	2.8395	0.9194	0.4937	0.4296	0.0258	0.0147	0.0075	0.0107	0.0179	3.6741	1.154	0.6848	0.5557	0.0253	0.545
GUARGU	Guarea	guidonia	Meliaceae	3679	1.168351581	0.373125937	3	1	0.0184	0.0108	0.0123	0.0192	2.6198	0.778	0.4412	0.3942	0.8408	0.0169	0.0093	0.0111	0.0177	2.8246	0.8314	0.4855	0.425	0.837	0.568
GUARSP	Guarea	bullata	Meliaceae	3046	0.928244144	-1.685149955	3	4	0.0191	0.0117	0.014	0.0215	2.7417	0.8549	0.4702	0.4138	0.4276	0.0282	0.0229	0.0227	0.0306	1.9515	0.6334	0.3053	0.2948	0.4395	0.561
GUATDU	Guatteria	dumetorum	Annonaceae	3502	-0.762298279	0.570616657	1	2	0.0253	0.0205	0.0339	0.0476	3.7764	1.6613	0.7354	0.5829	0.4989	0.0221	0.0163	0.0288	0.0422	4.2372	1.8388	0.8511	0.6538	0.4907	0.466
GUAZUL	Guazuma	ulmifolia	Malvaceae	329	-1.940684141	2.316453403	1	3	0.0307	0.0302	0.0627	0.0828	4.7208	2.6397	1.0044	0.74	0.0422	0.018	0.012	0.0323	0.0508	7.5331	3.9861	1.8179	1.1798	0.0382	0.522
GUETFO	Guettarda	foliacea	Rubiaceae	1950	0.865580373	0.415534413	3	1	0.0193	0.012	0.0144	0.0221	2.7744	0.8762	0.478	0.4191	0.0479	0.0176	0.0101	0.0128	0.0203	3.017	0.9435	0.5317	0.4557	0.0476	0.725
GUSTSU	Gustavia	superba	Lecythidaceae	2959	0.798353102	2.17812402	3	3	0.0195	0.0122	0.015	0.0228	2.81	0.8997	0.4866	0.4249	0.1114	0.0118	0.0051	0.008	0.0144	4.3605	1.3256	0.8501	0.6588	0.1086	0.58
HAMEAX	Hamelia	axillaris	Rubiaceae	617	-0.443452389	-1.861238087	2	4	0.024	0.0184	0.0287	0.0409	3.5551	1.4656	0.6759	0.5464	0.2019	0.0368	0.0386	0.0488	0.0606	2.4422	1.0524	0.4196	0.3756	0.2144	0.618
HAMEPA	Hamelia	patens	Rubiaceae	7	-0.309000288	-0.047965881	2	5	0.0234	0.0176	0.0267	0.0384	3.4657	1.3902	0.6522	0.5317	0.0018	0.0237	0.018	0.0271	0.0388	3.4324	1.3784	0.6443	0.5266	0.0018	0.763
HAMPAP	Hampea	appendiculata	Malvaceae	355	-4.128788522	-0.095325895	1	2	0.044	0.0623	0.1971	0.2316	7.1452	6.237	1.792	1.1527	0.2849	0.0449	0.0647	0.2026	0.2363	7.0091	6.1321	1.7487	1.1308	0.2893	0.245
HASSFL	Hasseltia	floribunda	Salicaceae	2625	-1.128442769	0.046673019	1	2	0.0268	0.0231	0.041	0.0565	4.0476	1.9184	0.8102	0.6277	0.1395	0.0265	0.0227	0.0405	0.0559	4.0859	1.9344	0.8199	0.6337	0.1393	0.53
HEISAC	Heisteria	acuminata	Erythropalaceae	651	1.023013266	0.826109661	3	1	0.0188	0.0114	0.0133	0.0205	2.6929	0.8237	0.4585	0.406	0.0221	0.0156	0.0082	0.0105	0.0173	3.1813	0.9541	0.5666	0.4794	0.0219	0.696
HEISCO	Heisteria	concinna	Erythropalaceae	2867	1.103511624	1.709351574	3	3	0.0186	0.0111	0.0128	0.0198	2.6522	0.798	0.4489	0.3994	0.2182	0.0125	0.0056	0.0078	0.0138	3.7442	1.0817	0.6954	0.5635	0.2143	0.64
HERRPU	Herrania	purpurea	Malvaceae	1874	2.466541874	-0.134421179	3	1	0.0148	0.007	0.0063	0.0104	2.0487	0.4671	0.313	0.303	0.1857	0.0153	0.0074	0.0065	0.0107	1.9939	0.456	0.3024	0.2949	0.1859	0.476
HIRTAM	Hirtella	americana	Chrysobalanaceae	242	0.141578953	-0.216870155	2	5	0.0218	0.0152	0.0211	0.0311	3.1822	1.1646	0.5789	0.4853	0.0114	0.0229	0.0166	0.0225	0.0325	3.046	1.1205	0.5477	0.4646	0.0115	0.782
HIRTTR	Hirtella	triandra	Chrysobalanaceae	3789	1.39448264	0.492097244	3	1	0.0177	0.01	0.011	0.0172	2.5099	0.7118	0.4156	0.3765	1.84	0.0158	0.0083	0.0095	0.0156	2.7719	0.7769	0.4714	0.4158	1.8311	0.683
HURACR	Hura	crepitans	Euphorbiaceae	684	-0.576337481	3.058071338	2	3	0.0245	0.0193	0.0307	0.0436	3.6457	1.5442	0.7	0.5613	0.0046	0.0121	0.0057	0.0128	0.0229	6.7565	2.6608	1.5321	1.039	0.0043	0.367
HYBAPR	Hybanthus	prunifolius	Violaceae	3000	1.852728832	-1.794656142	3	1	0.0164	0.0086	0.0086	0.0139	2.3013	0.5945	0.3681	0.3432	15.9222	0.0248	0.0176	0.0144	0.0203	1.6022	0.432	0.2325	0.2391	16.2326	0.67
HYERAL	Hieronyma	alchorneoides	Euphorbiaceae	551	-0.940756417	1.637233272	1	3	0.026	0.0217	0.0372	0.0517	3.9063	1.782	0.7709	0.6043	0.0515	0.0178	0.0113	0.0233	0.0366	5.4351	2.3846	1.1725	0.8403	0.0491	0.509
INGACO	Inga	cocleensis	Fabaceae-mimosoideae	504	-1.751158629	-0.086124897	1	2	0.0297	0.0284	0.0568	0.0757	4.5544	2.4502	0.9553	0.7121	0.0584	0.0303	0.0294	0.0582	0.0771	4.4759	2.4129	0.9344	0.6999	0.0586	0.581
INGAFA	Inga	laurina	Fabaceae-mimosoideae	463	-0.100919211	0.634858876	2	5	0.0226	0.0165	0.024	0.0348	3.3318	1.2811	0.6173	0.5098	0.0409	0.0196	0.0128	0.02	0.0305	3.787	1.4343	0.7263	0.5793	0.0403	0.653
INGAGO	Inga	goldmanii	Fabaceae-mimosoideae	1936	-0.57330374	-0.146901203	2	5	0.0245	0.0192	0.0307	0.0435	3.6436	1.5424	0.6995	0.561	0.1661	0.0253	0.0204	0.032	0.0449	3.5372	1.5026	0.6737	0.5446	0.1668	0.581
INGAM1	Inga	mucuna	Fabaceae-mimosoideae	8	-0.178442538	0.477008794	2	5	0.0229	0.0169	0.0249	0.0361	3.3811	1.3207	0.6301	0.5178	0.0018	0.0205	0.014	0.0218	0.0327	3.7226	1.4377	0.712	0.57	0.0018	0.581
INGAMA	Inga	marginata	Fabaceae-mimosoideae	2682	-2.460920726	-0.157255294	1	2	0.0334	0.0359	0.0824	0.1057	5.2097	3.2384	1.1526	0.8222	0.844	0.0346	0.0382	0.0861	0.1093	5.047	3.1491	1.1071	0.7966	0.8535	0.552
INGAMI	Inga	oerstediana	Fabaceae-mimosoideae	43	-1.161422696	0.605639032	1	2	0.027	0.0234	0.0417	0.0574	4.073	1.9434	0.8173	0.6319	0.0057	0.0235	0.0184	0.0351	0.0505	4.6023	2.1645	0.9544	0.7139	0.0056	0.425
INGAPE	Inga	pezizifera	Fabaceae-mimosoideae	973	-1.485468002	-0.253868934	1	2	0.0284	0.026	0.0494	0.0668	4.3308	2.2073	0.8904	0.6748	0.1068	0.0302	0.0288	0.0532	0.0705	4.1146	2.1098	0.8344	0.6412	0.108	0.606
INGAPU	Inga	punctata	Fabaceae-mimosoideae	133	-1.698094126	0.63461391	1	2	0.0295	0.0279	0.0553	0.0738	4.5088	2.3996	0.9419	0.7045	0.036	0.0254	0.0217	0.0461	0.0646	5.1247	2.6865	1.1082	0.8005	0.035	0.56
INGAQU	Inga	nobilis	Fabaceae-mimosoideae	2656	0.513779876	0.569308312	2	5	0.0205	0.0134	0.0174	0.0261	2.9656	1.0062	0.5246	0.4501	0.1861	0.0179	0.0107	0.0148	0.0232	3.3265	1.1134	0.607	0.5048	0.1844	0.56
INGARU	Inga	ruiziana	Fabaceae-mimosoideae	127	-0.755575565	0.413266073	1	2	0.0252	0.0204	0.0337	0.0474	3.7716	1.6569	0.734	0.5821	0.0028	0.0229	0.0173	0.03	0.0435	4.0996	1.7833	0.816	0.6326	0.0027	0.581
INGAS1	Inga	acuminata	Fabaceae-mimosoideae	1636	0.129350528	0.9400932	2	3	0.0218	0.0153	0.0212	0.0313	3.1896	1.1702	0.5808	0.4865	0.2945	0.0176	0.0105	0.0162	0.0257	3.8557	1.3833	0.7389	0.5879	0.2896	0.581
INGASA	Inga	sapindoides	Fabaceae-mimosoideae	1832	-0.965766923	0.614164337	1	2	0.0261	0.0219	0.0377	0.0523	3.9248	1.7996	0.776	0.6074	0.0872	0.0227	0.0172	0.0316	0.046	4.4425	2.0074	0.9082	0.6873	0.0855	0.581
INGASP	Inga	spectabilis	Fabaceae-mimosoideae	124	-1.118465555	1.396111577	1	3	0.0268	0.023	0.0408	0.0562	4.04	1.9108	0.808	0.6265	0.0104	0.0194	0.0132	0.0274	0.0419	5.3543	2.4497	1.1554	0.8298	0.01	0.581
INGATH	Inga	thibaudiana	Fabaceae-mimosoideae	658	-0.468169811	1.47518429	2	3	0.0241	0.0186	0.029	0.0414	3.5718	1.4799	0.6803	0.5491	0.1596	0.0171	0.0103	0.019	0.0304	4.8099	1.9242	0.9926	0.7391	0.1543	0.581
INGAUM	Inga	umbellifera	Fabaceae-mimosoideae	2680	0.73126131	-0.322411858	2	5	0.0197	0.0125	0.0155	0.0236	2.8459	0.9237	0.4953	0.4307	0.3642	0.0213	0.0142	0.017	0.0252	2.6667	0.8722	0.456	0.4036	0.366	0.724
JAC1CO	Jacaranda	copaia	Bignoniaceae	1784	-2.760136325	2.425723213	1	2	0.0351	0.0397	0.0963	0.1217	5.5135	3.6425	1.2476	0.8736	0.1022	0.02	0.0151	0.0481	0.073	8.9941	5.6085	2.3221	1.4238	0.0879	0.351
KOANWE	Koanophyllon	wetmorei	Asteraceae	51	-0.141877657	-1.029157824	2	4	0.0228	0.0167	0.0245	0.0355	3.3577	1.3018	0.624	0.514	0.0053	0.0289	0.0251	0.0329	0.0441	2.7282	1.084	0.4794	0.4178	0.0055	0.668
LACIAG	Lacistema	aggregatum	Lacistemataceae	2787	0.484667493	-1.318791561	2	4	0.0206	0.0136	0.0176	0.0265	2.982	1.0177	0.5287	0.4527	0.9341	0.0279	0.0229	0.0257	0.0349	2.2854	0.8049	0.3772	0.3472	0.9582	0.505
LACMPA	Lacmellea	panamensis	Apocynaceae	584	0.380058791	2.738550577	2	3	0.0209	0.014	0.0186	0.0278	3.0417	1.0604	0.5435	0.4624	0.0226	0.0111	0.0047	0.0085	0.0156	5.2851	1.7263	1.0961	0.8027	0.0218	0.472
LAETPR	Laetia	procera	Salicaceae	155	-1.234955844	2.017557312	1	3	0.0273	0.024	0.0434	0.0594	4.1301	2.0004	0.8333	0.6414	0.0153	0.0171	0.0107	0.0243	0.0388	6.2049	2.8643	1.3971	0.9629	0.0144	0.647
LAETTH	Laetia	thamnia	Salicaceae	1972	0.204802128	-0.782672442	2	4	0.0215	0.0149	0.0204	0.0302	3.1443	1.136	0.5693	0.4792	0.2646	0.0258	0.0203	0.0255	0.0356	2.6851	0.9884	0.4659	0.4093	0.269	0.66
LAFOPU	Lafoensia	punicifolia	Lythraceae	42	-0.756923739	2.488593915	1	3	0.0252	0.0205	0.0338	0.0474	3.7726	1.6578	0.7343	0.5822	9.00E-04	0.0142	0.0076	0.0166	0.0281	6.2328	2.5813	1.389	0.961	9.00E-04	0.705
LEANDI	Leandra	dichotoma	Melastomataceae	3	-0.820858153	-0.479000295	1	2	0.0255	0.0209	0.0349	0.0489	3.8186	1.6999	0.7468	0.5898	0.0019	0.0285	0.0253	0.04	0.0541	3.4668	1.5611	0.6606	0.5356	0.0019	0.671
LICAHY	Licania	hypoleuca	Chrysobalanaceae	768	1.946493286	-0.232984092	3	1	0.0162	0.0084	0.0082	0.0133	2.2608	0.573	0.3591	0.3367	0.0458	0.0171	0.0092	0.0088	0.014	2.157	0.5497	0.3383	0.3213	0.0459	0.909
LICAPL	Licania	platypus	Chrysobalanaceae	1522	0.729644152	-0.453990738	2	5	0.0198	0.0125	0.0155	0.0236	2.8468	0.9243	0.4955	0.4308	0.1572	0.0219	0.015	0.0177	0.0259	2.5976	0.8526	0.4411	0.3932	0.1583	0.62
LINDLA	Lindackeria	laurina	Achariaceae	508	-0.686811876	0.987588826	2	3	0.0249	0.02	0.0325	0.0459	3.7228	1.6127	0.7208	0.574	0.0092	0.0199	0.0135	0.0245	0.0373	4.5436	1.9225	0.9283	0.7003	0.009	0.56
LONCLA	Lonchocarpus	heptaphyllus	Fabaceae-papilionoideae	3010	0.250217319	-0.059152728	2	5	0.0214	0.0147	0.0199	0.0295	3.1174	1.1159	0.5625	0.4748	0.3909	0.0217	0.015	0.0203	0.0299	3.0804	1.1043	0.5541	0.4691	0.3913	0.687
LOZAPI	Lozania	pittieri	Lacistemataceae	48	-1.741612953	-0.663058073	1	2	0.0297	0.0283	0.0565	0.0754	4.5461	2.441	0.9529	0.7107	0.002	0.0346	0.0369	0.0683	0.0867	3.9769	2.1694	0.804	0.6219	0.0021	0.509
LUEHSE	Luehea	seemannii	Malvaceae	1217	-1.447104439	1.695794368	1	3	0.0283	0.0257	0.0485	0.0656	4.2995	2.1743	0.8814	0.6696	0.2265	0.0191	0.0131	0.0298	0.0459	6.0533	2.9401	1.3609	0.9421	0.2132	0.417
MACLTI	Maclura	tinctoria	Moraceae	8	-0.877151747	1.725930267	1	3	0.0257	0.0213	0.036	0.0502	3.8595	1.738	0.758	0.5966	9.00E-04	0.0173	0.0107	0.0219	0.0349	5.467	2.3627	1.1794	0.8445	9.00E-04	0.792
MACRGL	Macrocnemum	roseum	Rubiaceae	609	1.18127811	1.078784048	3	1	0.0183	0.0108	0.0122	0.0191	2.6134	0.774	0.4397	0.3932	0.028	0.0143	0.007	0.009	0.0152	3.2488	0.9378	0.5796	0.4886	0.0276	0.45
MALMSP	Mosannona	garwoodii	Annonaceae	1760	3.039452607	0.471190459	3	1	0.0135	0.0058	0.0046	0.008	1.838	0.3729	0.2689	0.2698	0.2196	0.0121	0.0048	0.004	0.0072	2.0213	0.4055	0.3034	0.2967	0.2191	0.565
MALPRO	Malpighia	romeroana	Malpighiaceae	297	2.011592512	-2.369232935	3	4	0.016	0.0082	0.0079	0.0129	2.2331	0.5585	0.353	0.3323	0.0316	0.0276	0.021	0.0156	0.0212	1.3846	0.3664	0.1924	0.2062	0.0324	0.569
MAQUCO	Maquira	guianensis	Moraceae	3077	1.163792916	0.09177442	3	1	0.0184	0.0108	0.0124	0.0192	2.622	0.7793	0.4417	0.3946	0.4289	0.018	0.0105	0.012	0.0189	2.671	0.7922	0.4523	0.4019	0.4285	0.766
MAR1LA	Marila	laxiflora	Clusiaceae	143	0.990052393	1.234310559	3	3	0.0189	0.0115	0.0135	0.0209	2.7098	0.8344	0.4625	0.4087	0.0094	0.0142	0.007	0.0095	0.0161	3.476	1.0394	0.6345	0.524	0.0092	0.655
MARGNO	Margaritaria	nobilis	Phyllanthaceae	22	-0.661156721	1.16843906	2	3	0.0248	0.0198	0.0321	0.0453	3.7048	1.5965	0.7159	0.571	0.0028	0.019	0.0125	0.023	0.0355	4.6896	1.9655	0.9657	0.7225	0.0027	0.596
MAYTSC	Maytenus	schippii	Celastraceae	523	1.167763571	1.468891091	3	3	0.0184	0.0108	0.0123	0.0192	2.6201	0.7781	0.4413	0.3942	0.0186	0.0131	0.006	0.0081	0.0141	3.5238	1.0106	0.6428	0.5299	0.0184	0.71
MICOAF	Miconia	affinis	Melastomataceae	1719	-1.619400354	-0.95570602	1	2	0.0291	0.0272	0.053	0.0712	4.4421	2.3266	0.9225	0.6934	0.4717	0.0363	0.0398	0.0697	0.087	3.6631	1.9627	0.7222	0.572	0.4952	0.619
MICOAR	Miconia	argentea	Melastomataceae	2542	-3.401636853	-0.950569121	1	2	0.039	0.049	0.1347	0.1645	6.2258	4.6868	1.4783	0.9948	2.2157	0.0486	0.0715	0.1769	0.201	5.1394	3.9575	1.1589	0.8215	2.4889	0.589
MICODO	Miconia	dorsiloba	Melastomataceae	3	-0.486704802	0.071522512	2	5	0.0241	0.0187	0.0293	0.0418	3.5844	1.4908	0.6836	0.5512	0.0018	0.0237	0.0182	0.0287	0.0412	3.6365	1.5099	0.6963	0.5592	0.0018	0.619
MICOEL	Miconia	elata	Melastomataceae	145	-0.820779733	-0.480566194	1	2	0.0255	0.0209	0.0349	0.0489	3.8185	1.6999	0.7468	0.5898	0.0121	0.0285	0.0253	0.0401	0.0541	3.4657	1.5606	0.6603	0.5354	0.0123	0.47
MICOHO	Miconia	hondurensis	Melastomataceae	256	-0.554203644	0.917681532	2	3	0.0244	0.0191	0.0304	0.0431	3.6305	1.5308	0.696	0.5588	0.0447	0.0197	0.0133	0.0233	0.0355	4.3689	1.8024	0.8804	0.6722	0.0436	0.619
MICOIM	Miconia	impetiolaris	Melastomataceae	74	0.4361513	-0.588742835	2	5	0.0207	0.0138	0.0181	0.0271	3.0095	1.0373	0.5355	0.4572	0.0104	0.0237	0.0174	0.0214	0.0306	2.6725	0.9341	0.4606	0.4061	0.0105	0.747
MICONE	Miconia	nervosa	Melastomataceae	1574	-1.651442705	-2.815481624	1	4	0.0292	0.0275	0.0539	0.0722	4.4691	2.3561	0.9304	0.6979	0.7311	0.056	0.0841	0.1208	0.1307	2.5325	1.4276	0.4524	0.3959	0.8766	0.619
MICOPR	Miconia	prasina	Melastomataceae	8	-0.488550086	0.547995412	2	5	0.0241	0.0187	0.0293	0.0418	3.5856	1.4918	0.684	0.5514	0.0018	0.0213	0.0151	0.0251	0.0373	4.0048	1.6446	0.787	0.6157	0.0018	0.688
MOURMY	Mouriri	myrtilloides	Melastomataceae	3000	1.641429415	-1.710324537	3	4	0.017	0.0093	0.0096	0.0154	2.3952	0.646	0.3893	0.3582	4.3321	0.0252	0.0183	0.0157	0.022	1.6963	0.4765	0.2512	0.2538	4.4193	0.834
MYRCGA	Myrcia	gatunensis	Myrtaceae	291	0.003038447	-0.261617734	2	5	0.0223	0.0159	0.0227	0.0332	3.2668	1.2298	0.6006	0.4991	0.0389	0.0236	0.0177	0.0245	0.0351	3.0989	1.1738	0.5616	0.4735	0.0391	0.814
MYROFR	Myrospermum	frutescens	Fabaceae-papilionoideae	109	0.43437738	0.404481661	2	5	0.0207	0.0138	0.0181	0.0271	3.0105	1.038	0.5358	0.4574	9.00E-04	0.0189	0.0117	0.0161	0.0249	3.2665	1.1155	0.5943	0.4962	9.00E-04	0.83
NECTCI	Nectandra	cissiflora	Lauraceae	1567	-0.40378858	1.948569728	2	3	0.0238	0.0182	0.0281	0.0402	3.5285	1.443	0.6688	0.542	0.112	0.0152	0.0084	0.0161	0.0267	5.2278	2.041	1.1017	0.8025	0.1075	0.59
NECTGL	Nectandra	lineata	Lauraceae	660	-1.263547349	0.317978972	1	2	0.0274	0.0242	0.044	0.0602	4.1526	2.023	0.8396	0.6451	0.1805	0.0255	0.0213	0.0402	0.0563	4.4277	2.1407	0.9109	0.6878	0.1784	0.572
NECTPU	Damburneya	umbrosa	Lauraceae	480	-0.325149773	1.211876217	2	3	0.0235	0.0177	0.0269	0.0387	3.4763	1.3991	0.655	0.5335	0.0477	0.0178	0.011	0.019	0.03	4.4392	1.7357	0.8934	0.6809	0.0464	0.559
NECTS1	Nectandra	fuzzy	Lauraceae	32	-0.912943282	0.62633687	1	2	0.0259	0.0215	0.0366	0.051	3.8858	1.7626	0.7653	0.6009	0.0019	0.0224	0.0168	0.0306	0.0447	4.4091	1.9704	0.8984	0.6817	0.0018	0.572
NEEAAM	Neea	amplifolia	Nyctaginaceae	397	2.280054516	-2.644618574	3	4	0.0153	0.0075	0.0069	0.0114	2.1223	0.5026	0.3288	0.3147	0.0637	0.0282	0.0214	0.0147	0.0198	1.2448	0.314	0.167	0.1848	0.0654	0.63
OCHRPY	Ochroma	pyramidale	Malvaceae	43	-2.504240094	0.968335532	1	2	0.0336	0.0364	0.0842	0.1079	5.2526	3.294	1.1659	0.8295	0.0189	0.0269	0.0248	0.0638	0.088	6.3858	3.9134	1.4941	1.0081	0.0178	0.158
OCOTCE	Ocotea	cernua	Lauraceae	1675	0.670167905	0.740494452	2	5	0.0199	0.0128	0.016	0.0242	2.879	0.9462	0.5034	0.4361	0.2306	0.0168	0.0095	0.0129	0.0207	3.3429	1.0794	0.6085	0.5062	0.2282	0.454
OCOTOB	Ocotea	oblonga	Lauraceae	1074	-2.910795093	0.823269504	1	2	0.036	0.0417	0.1042	0.1306	5.6731	3.8647	1.2983	0.9007	0.3331	0.0297	0.03	0.0823	0.1098	6.6981	4.4743	1.603	1.0631	0.3122	0.386
OCOTPU	Ocotea	puberula	Lauraceae	1175	-1.564362633	1.066245269	1	2	0.0288	0.0267	0.0515	0.0693	4.396	2.2768	0.9092	0.6857	0.1777	0.0225	0.0175	0.038	0.0554	5.4511	2.7524	1.1947	0.8499	0.1703	0.432
OCOTWH	Ocotea	whitei	Lauraceae	3216	-2.173591997	1.518168174	1	2	0.0319	0.0327	0.0709	0.0923	4.9338	2.8927	1.0682	0.7757	0.248	0.0224	0.0179	0.0459	0.0671	6.7018	3.7898	1.5759	1.0531	0.2295	0.526
OLMEAS	Trophis	caucana	Moraceae	1630	-1.199225097	0.492809462	1	2	0.0271	0.0237	0.0426	0.0584	4.1023	1.9725	0.8255	0.6368	0.0449	0.0242	0.0195	0.037	0.0526	4.5311	2.1532	0.9365	0.7032	0.0441	0.47
ORMOAM	Ormosia	amazonica	Fabaceae-papilionoideae	9	0.608369416	0.827546267	2	3	0.0202	0.013	0.0165	0.025	2.9129	0.9694	0.5117	0.4415	9.00E-04	0.0166	0.0094	0.013	0.021	3.4422	1.1232	0.6325	0.5216	9.00E-04	0.59
ORMOCR	Ormosia	coccinea	Fabaceae-papilionoideae	452	2.092951393	2.121437914	3	3	0.0158	0.008	0.0076	0.0124	2.1989	0.5409	0.3455	0.3269	0.0531	0.0097	0.0034	0.0041	0.0079	3.3735	0.789	0.5948	0.5011	0.0524	0.625
ORMOMA	Ormosia	macrocalyx	Fabaceae-papilionoideae	588	2.656425618	1.461679535	3	1	0.0144	0.0066	0.0057	0.0095	1.9763	0.4335	0.2976	0.2916	0.0642	0.0103	0.0037	0.0037	0.007	2.6541	0.5623	0.4328	0.3914	0.0637	0.59
OURALU	Ouratea	lucens	Ochnaceae	2404	3.402976788	-1.502884716	3	1	0.0127	0.0052	0.0038	0.0067	1.7157	0.3233	0.2443	0.2507	0.5355	0.018	0.0094	0.0059	0.0092	1.267	0.2474	0.1662	0.1852	0.5395	0.727
PALIGU	Palicourea	guianensis	Rubiaceae	2424	-4.328637442	-1.266471496	1	2	0.0454	0.0666	0.2188	0.2544	7.4209	6.7466	1.8893	1.2003	6.2106	0.0608	0.1102	0.3145	0.3321	5.7477	5.3854	1.3659	0.9301	8.0328	0.54
PENTMA	Pentagonia	macrophylla	Rubiaceae	1662	1.743283387	-1.522934723	3	1	0.0167	0.0089	0.0091	0.0146	2.3495	0.6206	0.379	0.3509	0.1337	0.0238	0.0164	0.0141	0.0202	1.728	0.4733	0.2566	0.2582	0.136	0.636
PEREXA	Perebea	xanthochyma	Moraceae	1488	0.533156983	1.069046519	2	3	0.0204	0.0134	0.0172	0.0259	2.9547	0.9985	0.522	0.4483	0.0778	0.0159	0.0087	0.0127	0.0207	3.6659	1.2077	0.6864	0.556	0.0766	0.56
PHOECI	Cinnamomum	triplinerve	Lauraceae	453	-0.951914054	1.440462135	1	3	0.0261	0.0218	0.0374	0.052	3.9145	1.7898	0.7732	0.6057	0.0768	0.0187	0.0123	0.0248	0.0384	5.2346	2.3127	1.1182	0.8095	0.0737	0.472
PICRLA	Picramnia	latifolia	Picramniaceae	2879	0.613019916	-1.183310747	2	4	0.0201	0.013	0.0165	0.0249	2.9104	0.9677	0.511	0.4411	0.6373	0.0265	0.0208	0.0231	0.032	2.2923	0.7839	0.3774	0.3476	0.6511	0.584
PIPEA1	Piper	arboreum	Piperaceae	328	-0.83222904	-0.800131828	1	2	0.0255	0.021	0.0351	0.0491	3.8268	1.7076	0.7491	0.5912	0.0139	0.0307	0.0288	0.0442	0.0582	3.2564	1.481	0.6103	0.5032	0.0143	0.383
PIPEAE	Piper	aequale	Piperaceae	568	-0.223944747	-1.831558328	2	4	0.0231	0.0171	0.0255	0.0369	3.4103	1.3445	0.6377	0.5226	0.0483	0.0353	0.0355	0.0432	0.0543	2.3568	0.9706	0.3989	0.3614	0.0509	0.383
PIPECA	Piper	schiedeanum	Piperaceae	36	-0.846812784	-0.53240334	1	2	0.0256	0.0211	0.0354	0.0495	3.8374	1.7174	0.752	0.5929	0.0037	0.029	0.026	0.0412	0.0554	3.4466	1.5622	0.6561	0.5326	0.0038	0.383
PIPECO	Piper	cordulatum	Piperaceae	2136	1.51425421	-4.653048724	3	4	0.0174	0.0097	0.0103	0.0163	2.4536	0.6791	0.4026	0.3675	1.2183	0.0508	0.0613	0.039	0.0434	0.9597	0.2967	0.1223	0.144	1.3226	0.383
PIPECU	Piper	colonense	Piperaceae	304	-1.652930125	-0.93002074	1	2	0.0292	0.0275	0.054	0.0723	4.4704	2.3574	0.9308	0.6981	0.011	0.0362	0.0398	0.0704	0.0879	3.7056	1.9979	0.7335	0.5789	0.0115	0.383
PIPEPE	Piper	perlasense	Piperaceae	377	1.977845146	-3.733131444	3	4	0.0161	0.0083	0.0081	0.0131	2.2474	0.566	0.3562	0.3346	0.0541	0.0381	0.0365	0.0235	0.0288	1.0583	0.2913	0.1369	0.1578	0.0567	0.383
PIPERE	Piper	reticulatum	Piperaceae	887	-0.057034928	0.174402289	2	5	0.0225	0.0162	0.0234	0.0341	3.3042	1.2592	0.6102	0.5053	0.0621	0.0216	0.0151	0.0223	0.0329	3.4225	1.2988	0.6381	0.5233	0.0618	0.33
PIT1MA	Abarema	macradenia	Fabaceae-mimosoideae	14	-0.33793856	1.939380854	2	3	0.0235	0.0178	0.0271	0.039	3.4848	1.4061	0.6573	0.5348	0.0018	0.0151	0.0082	0.0156	0.0259	5.1534	1.9856	1.0801	0.7904	0.0017	0.438
PIT1RU	Cojoba	rufescens	Fabaceae-mimosoideae	12	-0.335832076	1.210200268	2	3	0.0235	0.0178	0.0271	0.0389	3.4834	1.4049	0.6569	0.5346	9.00E-04	0.0178	0.011	0.0192	0.0302	4.4467	1.7425	0.8956	0.6821	9.00E-04	0.678
PLA1PI	Platymiscium	pinnatum	Fabaceae-papilionoideae	988	-0.518615435	0.10994218	2	5	0.0243	0.0189	0.0298	0.0424	3.6061	1.5096	0.6894	0.5548	0.14	0.0237	0.0181	0.0289	0.0414	3.687	1.5394	0.7091	0.5672	0.1396	0.721
PLA2EL	Platypodium	elegans	Fabaceae-papilionoideae	882	-1.251569584	0.684140715	1	2	0.0274	0.0241	0.0437	0.0599	4.1432	2.0135	0.837	0.6436	0.0873	0.0234	0.0184	0.036	0.0518	4.7563	2.2741	0.9973	0.7386	0.0852	0.806
POCHQU	Pochota	quinata	Bombacaceae	7	-0.7807467	1.326770487	1	3	0.0253	0.0206	0.0342	0.048	3.7897	1.6734	0.7389	0.585	9.00E-04	0.0187	0.0122	0.0234	0.0363	4.9527	2.1189	1.038	0.7642	9.00E-04	0.584
POCHSE	Pachira	sessilis	Malvaceae	120	0.477777458	2.062123292	2	3	0.0206	0.0136	0.0177	0.0265	2.9859	1.0205	0.5297	0.4534	0.0026	0.0128	0.006	0.0098	0.0172	4.5263	1.4728	0.8982	0.6867	0.0025	0.42
POSOLA	Posoqueria	latifolia	Rubiaceae	455	1.865280693	0.739336264	3	1	0.0164	0.0086	0.0086	0.0138	2.2958	0.5916	0.3669	0.3423	0.015	0.0138	0.0064	0.0069	0.0118	2.6651	0.6748	0.4434	0.3972	0.0149	0.57
POULAR	Poulsenia	armata	Moraceae	3686	-1.706667605	1.034282451	1	2	0.0295	0.028	0.0555	0.0741	4.5161	2.4077	0.9441	0.7057	0.1683	0.0232	0.0186	0.0413	0.0596	5.564	2.8942	1.2304	0.8691	0.161	0.35
POURBI	Pourouma	bicolor	Urticaceae	337	-1.264344185	1.535557399	1	3	0.0274	0.0242	0.044	0.0602	4.1532	2.0236	0.8398	0.6452	0.0845	0.0192	0.0131	0.0284	0.0436	5.6614	2.6594	1.2445	0.879	0.0803	0.353
POUTFO	Pouteria	fossicola	Sapotaceae	18	0.127240938	2.313249203	2	3	0.0218	0.0153	0.0213	0.0313	3.1909	1.1712	0.5811	0.4867	9.00E-04	0.0128	0.0061	0.011	0.0192	5.0884	1.7676	1.051	0.7755	8.00E-04	0.714
POUTRE	Pouteria	reticulata	Sapotaceae	3512	1.001140118	0.264427373	3	1	0.0189	0.0114	0.0135	0.0208	2.7041	0.8308	0.4612	0.4078	0.7946	0.0178	0.0103	0.0125	0.0196	2.8523	0.8708	0.4935	0.4301	0.7918	0.794
POUTST	Pouteria	stipitata	Sapotaceae	404	1.154213519	1.431522323	3	3	0.0184	0.0109	0.0124	0.0193	2.6268	0.7823	0.4429	0.3953	0.0195	0.0132	0.0062	0.0082	0.0143	3.5063	1.0092	0.639	0.5274	0.0192	0.714
PRI2CO	Prioria	copaifera	Fabaceae-caesalpinioideae	3652	1.481018795	2.553103945	3	3	0.0175	0.0098	0.0105	0.0166	2.4691	0.688	0.4062	0.37	0.2287	0.0097	0.0035	0.005	0.0097	4.1327	1.0836	0.7811	0.6187	0.224	0.414
PROTCO	Protium	costaricense	Burseraceae	2802	-0.292814366	-0.445863681	2	5	0.0234	0.0175	0.0265	0.0381	3.4551	1.3814	0.6495	0.53	0.3635	0.0259	0.0209	0.0301	0.0419	3.1579	1.276	0.5794	0.4845	0.3677	0.576
PROTPA	Protium	panamense	Burseraceae	3039	0.813447187	-0.613942259	3	1	0.0195	0.0122	0.0148	0.0227	2.8019	0.8944	0.4847	0.4236	1.3397	0.0224	0.0155	0.0177	0.0258	2.4755	0.8018	0.4141	0.3743	1.3523	0.452
PROTSP	Protium	confusum	Burseraceae	22	0.574600194	0.405663558	2	5	0.0203	0.0132	0.0168	0.0254	2.9316	0.9824	0.5163	0.4446	0.006	0.0185	0.0112	0.015	0.0233	3.1816	1.0559	0.5728	0.4824	0.006	0.576
PROTTE	Protium	tenuifolium	Burseraceae	3705	0.990530786	0.664632891	3	1	0.0189	0.0115	0.0135	0.0209	2.7095	0.8343	0.4625	0.4087	1.4398	0.0162	0.0088	0.0112	0.0181	3.0983	0.939	0.5483	0.4672	1.4277	0.57
PSE1SE	Pseudobombax	septenatum	Malvaceae	126	-1.700984798	1.482875436	1	2	0.0295	0.0279	0.0553	0.0739	4.5113	2.4024	0.9427	0.7049	0.031	0.0209	0.0155	0.0362	0.0541	6.0845	3.1277	1.3782	0.9502	0.0292	0.212
PSIDFR	Psidium	friedrichsthalianum	Myrtaceae	293	2.372273017	-0.04118916	3	1	0.0151	0.0073	0.0066	0.0109	2.0856	0.4847	0.3209	0.3089	0.0265	0.0152	0.0074	0.0066	0.011	2.0683	0.4812	0.3175	0.3063	0.0265	0.81
PSYCAC	Palicourea	cuspidata	Rubiaceae	68	-1.864570971	-1.841855322	1	2	0.0303	0.0295	0.0603	0.0799	4.6533	2.5619	0.9844	0.7287	0.0439	0.0463	0.0613	0.1022	0.1177	3.2091	1.846	0.6142	0.5029	0.0493	0.527
PSYCCH	Psychotria	chagrensis	Rubiaceae	73	-0.011540837	-1.391046454	2	4	0.0223	0.016	0.0229	0.0334	3.2759	1.2368	0.6029	0.5006	0.0204	0.0308	0.0278	0.034	0.0448	2.4743	0.9657	0.4222	0.3783	0.0211	0.525
PSYCDE	Psychotria	deflexa	Rubiaceae	283	-0.391767049	-2.605521554	2	4	0.0238	0.0181	0.0279	0.04	3.5205	1.4362	0.6667	0.5407	0.0704	0.0433	0.051	0.0588	0.0691	2.0812	0.9034	0.3421	0.32	0.077	0.48
PSYCG1	Psychotria	graciliflora	Rubiaceae	229	-0.819505403	-2.174050533	1	4	0.0255	0.0209	0.0349	0.0489	3.8176	1.699	0.7466	0.5896	0.1169	0.0421	0.0495	0.065	0.0772	2.4621	1.154	0.4278	0.3806	0.1274	0.525
PSYCG3	Psychotria	grandis	Rubiaceae	430	-0.832180116	-1.861848913	1	4	0.0255	0.021	0.0351	0.0491	3.8268	1.7075	0.7491	0.5912	0.0677	0.0392	0.0439	0.0599	0.0727	2.6285	1.226	0.465	0.4063	0.0728	0.295
PSYCHO	Psychotria	horizontalis	Rubiaceae	2461	0.851089697	-2.762042726	3	4	0.0194	0.012	0.0146	0.0223	2.782	0.8812	0.4799	0.4204	3.5549	0.0366	0.036	0.0321	0.0398	1.5936	0.5391	0.2365	0.241	3.7485	0.525
PSYCLI	Psychotria	limonensis	Rubiaceae	161	0.936230732	-2.3862112	3	4	0.0191	0.0117	0.0139	0.0214	2.7375	0.8522	0.4692	0.4132	0.0853	0.0331	0.0302	0.0276	0.0354	1.6916	0.5574	0.2546	0.2555	0.089	0.525
PSYCMA	Psychotria	marginata	Rubiaceae	2103	0.64574633	-3.372646582	2	4	0.02	0.0129	0.0162	0.0245	2.8924	0.9553	0.5066	0.4382	0.8802	0.0436	0.0491	0.0426	0.0499	1.4647	0.5242	0.2136	0.2222	0.9508	0.525
PSYCPI	Psychotria	cyanococca	Rubiaceae	21	-0.436510282	-1.16152006	2	4	0.0239	0.0184	0.0286	0.0408	3.5504	1.4616	0.6746	0.5456	0.0081	0.0313	0.0292	0.0398	0.0521	2.8088	1.1887	0.501	0.4318	0.0084	0.525
PSYCPS	Psychotria	psychotriifolia	Rubiaceae	3	-0.543461324	-0.009730072	2	5	0.0244	0.0191	0.0302	0.0429	3.6231	1.5244	0.694	0.5576	9.00E-04	0.0244	0.0191	0.0303	0.043	3.616	1.5217	0.6923	0.5565	9.00E-04	0.525
PSYCRA	Psychotria	racemosa	Rubiaceae	7	-0.825666451	-1.047428762	1	4	0.0255	0.0209	0.035	0.049	3.822	1.7032	0.7478	0.5904	0.0046	0.0325	0.0317	0.0472	0.0611	3.094	1.4136	0.5718	0.4781	0.0048	0.525
PTEROF	Pterocarpus	officinalis	Fabaceae-papilionoideae	25	-1.131140086	0.713380649	1	2	0.0268	0.0231	0.0411	0.0566	4.0497	1.9204	0.8107	0.6281	9.00E-04	0.0228	0.0174	0.0335	0.0487	4.6766	2.1803	0.9733	0.7251	9.00E-04	0.38
PTERRO	Pterocarpus	hayesii	Fabaceae-papilionoideae	3140	0.744324491	-0.531666938	2	5	0.0197	0.0125	0.0154	0.0234	2.8389	0.919	0.4936	0.4296	0.8859	0.0223	0.0154	0.0179	0.0262	2.5501	0.8361	0.4308	0.3859	0.8934	0.58
QUARAS	Quararibea	asterolepis	Malvaceae	4000	1.051243015	1.795927703	3	3	0.0187	0.0112	0.0131	0.0203	2.6785	0.8146	0.4551	0.4037	0.5136	0.0124	0.0055	0.0078	0.0139	3.8481	1.1213	0.7209	0.5795	0.5038	0.454
QUASAM	Quassia	amara	Simaroubaceae	857	1.914504728	0.106194896	3	1	0.0163	0.0085	0.0083	0.0135	2.2745	0.5802	0.3622	0.3389	0.0133	0.0159	0.0081	0.0081	0.0132	2.3238	0.5913	0.3722	0.3462	0.0133	0.47
RANDAR	Randia	armata	Rubiaceae	2961	1.298116225	0.035030898	3	1	0.018	0.0104	0.0115	0.018	2.5562	0.7393	0.4263	0.384	0.2871	0.0178	0.0102	0.0114	0.0179	2.5743	0.7439	0.4302	0.3867	0.2871	0.668
RANDFO	Rosenbergiodendron	formosum	Rubiaceae	23	0.244621353	0.630613755	2	5	0.0214	0.0147	0.02	0.0296	3.1207	1.1184	0.5634	0.4753	9.00E-04	0.0185	0.0114	0.0167	0.0259	3.5441	1.2512	0.6621	0.5397	9.00E-04	0.636
RAUVLI	Rauvolfia	littoralis	Apocynaceae	3	-0.116001176	-0.006087751	2	5	0.0227	0.0165	0.0241	0.0351	3.3413	1.2887	0.6198	0.5113	9.00E-04	0.0227	0.0166	0.0242	0.0351	3.3372	1.2873	0.6188	0.5107	9.00E-04	0.474
RINOSY	Rinorea	sylvatica	Violaceae	2734	2.659921327	-1.419482381	3	1	0.0144	0.0066	0.0056	0.0095	1.975	0.4329	0.2973	0.2914	0.9376	0.0199	0.0116	0.0085	0.0128	1.4832	0.3363	0.2067	0.219	0.9469	0.671
SAPIAU	Sapium	glandulosum	Euphorbiaceae	257	-2.580863452	0.104201051	1	2	0.0341	0.0374	0.0877	0.1118	5.3294	3.3947	1.1898	0.8425	0.0709	0.0333	0.0359	0.0851	0.1094	5.4426	3.4582	1.2219	0.8603	0.0704	0.415
SAPISP	Sapium	broadleaf	Euphorbiaceae	19	-0.439240872	1.848039434	2	3	0.0239	0.0184	0.0286	0.0409	3.5523	1.4632	0.6751	0.5459	9.00E-04	0.0156	0.0088	0.0168	0.0277	5.1573	2.0329	1.0838	0.792	9.00E-04	0.413
SCH2MO	Schefflera	morototoni	Araliaceae	2	-0.59496898	1.185472049	2	3	0.0246	0.0194	0.031	0.044	3.6586	1.5556	0.7035	0.5634	9.00E-04	0.0187	0.0121	0.0221	0.0343	4.6471	1.9208	0.9531	0.7153	9.00E-04	0.454
SCHIPA	Schizolobium	parahyba	Fabaceae-caesalpinioideae	91	-0.111982312	2.284630433	2	3	0.0227	0.0165	0.0241	0.035	3.3388	1.2866	0.6191	0.5109	0.008	0.0134	0.0067	0.0125	0.0217	5.2937	1.932	1.1115	0.8094	0.0077	0.346
SENNDA	Senna	dariensis	Fabaceae-caesalpinioideae	720	-2.902250609	-1.144612065	1	2	0.0359	0.0416	0.1037	0.1301	5.6639	3.8517	1.2954	0.8991	0.2432	0.0468	0.0655	0.144	0.1655	4.4961	3.142	0.9662	0.714	0.2718	0.631
SIMAAM	Simarouba	amara	Simaroubaceae	3460	-2.394194546	0.429488121	1	2	0.033	0.0351	0.0795	0.1024	5.1443	3.1546	1.1324	0.8112	1.9332	0.0299	0.0296	0.0703	0.0936	5.6099	3.4051	1.2641	0.8845	1.8812	0.385
SIPAGU	Siparuna	guianensis	Siparunaceae	192	0.282325279	1.921917166	2	3	0.0213	0.0145	0.0196	0.0291	3.0985	1.102	0.5578	0.4717	0.0017	0.0136	0.0068	0.0113	0.0194	4.566	1.5512	0.9125	0.6946	0.0017	0.656
SIPAPA	Siparuna	pauciflora	Siparunaceae	1719	0.455754193	0.762461389	2	3	0.0207	0.0137	0.0179	0.0268	2.9984	1.0294	0.5328	0.4554	0.2715	0.0173	0.0101	0.0144	0.0228	3.4969	1.1789	0.6477	0.531	0.2682	0.656
SLOATE	Sloanea	terniflora	Elaeocarpaceae	2183	2.250778197	0.749789538	3	1	0.0154	0.0076	0.007	0.0115	2.1341	0.5084	0.3313	0.3166	0.0538	0.0129	0.0056	0.0056	0.0098	2.4827	0.581	0.4015	0.3682	0.0536	0.625
SOLAAS	Solanum	asperum	Solanaceae	24	-2.346475144	-0.968210236	1	2	0.0328	0.0346	0.0776	0.1002	5.098	3.096	1.1182	0.8034	0.0195	0.041	0.0508	0.1024	0.1228	4.1934	2.6061	0.8726	0.6611	0.021	0.422
SOLAHA	Solanum	hayesii	Solanaceae	451	-4.432469633	-1.039611644	1	2	0.0462	0.0689	0.2311	0.2671	7.5682	7.0275	1.9419	1.2259	0.2976	0.0587	0.1042	0.3112	0.3325	6.1363	5.8407	1.4879	0.9943	0.3698	0.422
SOLAST	Solanum	lepidotum	Solanaceae	22	-1.302263437	-0.028538366	1	2	0.0276	0.0245	0.0449	0.0613	4.1831	2.054	0.8483	0.6502	0.0058	0.0278	0.0248	0.0453	0.0617	4.1591	2.0436	0.8421	0.6465	0.0058	0.422
SOROAF	Sorocea	affinis	Moraceae	3008	1.344728873	-0.374953157	3	1	0.0179	0.0102	0.0112	0.0177	2.5337	0.7259	0.4211	0.3804	0.8421	0.0195	0.0118	0.0125	0.0191	2.3491	0.679	0.3825	0.3527	0.8456	0.608
SPACME	Spachea	membranacea	Malpighiaceae	95	0.447683322	0.939716336	2	3	0.0207	0.0137	0.018	0.0269	3.003	1.0326	0.5339	0.4562	9.00E-04	0.0167	0.0095	0.0137	0.0221	3.6298	1.2206	0.6792	0.5512	9.00E-04	0.595
SPONMO	Spondias	mombin	Anacardiaceae	483	-2.273922527	1.344550724	1	2	0.0324	0.0338	0.0747	0.0968	5.0284	3.009	1.097	0.7917	0.1601	0.0237	0.0198	0.0508	0.0729	6.5953	3.8223	1.5479	1.0378	0.1487	0.391
SPONRA	Spondias	radlkoferi	Anacardiaceae	1326	-1.821080065	0.934176711	1	2	0.0301	0.0291	0.0589	0.0782	4.6151	2.5185	0.9731	0.7223	0.348	0.0242	0.0201	0.0451	0.0643	5.5722	2.9739	1.2361	0.8718	0.3335	0.431
STERAP	Sterculia	apetala	Malvaceae	345	-0.154206555	2.172900309	2	3	0.0228	0.0168	0.0246	0.0357	3.3656	1.3082	0.6261	0.5153	0.0196	0.0138	0.0071	0.0132	0.0226	5.2172	1.9256	1.0922	0.7981	0.0188	0.388
STYLST	Stylogyne	turbacensis	Myrsinaceae	2311	1.903026561	-1.156965077	3	1	0.0163	0.0085	0.0084	0.0136	2.2795	0.5829	0.3633	0.3397	0.5184	0.0213	0.0134	0.0117	0.0173	1.8049	0.4744	0.2701	0.2691	0.5242	0.482
SWARS1	Swartzia	simplex	Fabaceae-papilionoideae	3228	3.941816213	1.064186569	3	1	0.0116	0.0043	0.0029	0.0052	1.5492	0.2616	0.2118	0.2248	1.5	0.0091	0.0028	0.0021	0.0042	1.9202	0.3161	0.2782	0.2785	1.4955	0.844
SYMPGL	Symphonia	globulifera	Clusiaceae	1024	-0.962915831	0.072856659	1	2	0.0261	0.0219	0.0376	0.0523	3.9227	1.7975	0.7754	0.607	0.0965	0.0257	0.0213	0.0368	0.0515	3.9808	1.821	0.79	0.616	0.0963	0.6
TAB1GU	Handroanthus	guayacan	Bignoniaceae	445	1.223787363	1.6983626	3	3	0.0182	0.0106	0.012	0.0187	2.5924	0.7612	0.4348	0.3898	0.0161	0.0123	0.0054	0.0074	0.0131	3.6518	1.0298	0.6717	0.5487	0.0158	0.618
TAB1RO	Tabebuia	rosea	Bignoniaceae	1655	0.057820453	0.075649528	2	5	0.0221	0.0156	0.022	0.0323	3.2331	1.2036	0.5919	0.4936	0.1349	0.0217	0.0152	0.0216	0.0318	3.2828	1.2199	0.6035	0.5012	0.1347	0.53
TAB2AR	Tabernaemontana	arborea	Apocynaceae	4000	0.864078742	1.323251721	3	3	0.0193	0.012	0.0145	0.0221	2.7752	0.8768	0.4782	0.4193	0.7849	0.0142	0.0071	0.0099	0.0168	3.6244	1.1095	0.6711	0.5473	0.7725	0.525
TACHVE	Tachigali	panamensis	Fabaceae-caesalpinioideae	3203	-0.820870722	-0.206920444	1	2	0.0255	0.0209	0.0349	0.0489	3.8186	1.7	0.7468	0.5898	1.8643	0.0267	0.0227	0.037	0.0511	3.6625	1.6385	0.7083	0.5657	1.8769	0.557
TALINE	Talisia	nervosa	Sapindaceae	2040	3.528671334	-0.548243313	3	1	0.0125	0.005	0.0036	0.0063	1.6753	0.3077	0.2363	0.2444	0.0978	0.0141	0.0062	0.0042	0.0071	1.4999	0.2791	0.2053	0.2188	0.0981	0.85
TALIPR	Talisia	croatii	Sapindaceae	2260	3.414085898	-0.39868563	3	1	0.0127	0.0052	0.0038	0.0067	1.7121	0.3219	0.2436	0.2501	0.3151	0.0139	0.006	0.0043	0.0073	1.5798	0.2998	0.2199	0.2308	0.3156	0.85
TERMAM	Terminalia	amazonia	Combretaceae	321	0.294285302	2.606784489	2	3	0.0212	0.0144	0.0195	0.0289	3.0915	1.0968	0.556	0.4706	0.0087	0.0116	0.0051	0.0092	0.0167	5.2307	1.7441	1.084	0.7954	0.0084	0.674
TERMOB	Terminalia	oblonga	Combretaceae	550	-0.108635705	2.502446953	2	3	0.0227	0.0165	0.0241	0.035	3.3367	1.2849	0.6186	0.5106	0.0204	0.0127	0.0061	0.0117	0.0207	5.528	2.0057	1.1742	0.8451	0.0196	0.694
TERNTE	Ternstroemia	tepezapote	Pentaphylacaceae	5	-0.818860781	1.116004331	1	3	0.0255	0.0209	0.0349	0.0488	3.8171	1.6986	0.7464	0.5896	9.00E-04	0.0197	0.0134	0.0253	0.0386	4.781	2.0717	0.9934	0.7381	9.00E-04	0.618
TET2PA	Tetragastris	panamensis	Burseraceae	3936	1.408346221	0.478442221	3	1	0.0177	0.01	0.0109	0.0171	2.5034	0.7079	0.4141	0.3755	2.6193	0.0158	0.0083	0.0095	0.0155	2.757	0.7708	0.4681	0.4135	2.6067	0.717
TET4JO	Tetrathylacium	johansenii	Salicaceae	44	-1.225201641	2.031654309	1	3	0.0273	0.0239	0.0431	0.0591	4.1225	1.9927	0.8312	0.6402	0.001	0.0171	0.0106	0.0241	0.0386	6.2111	2.8605	1.3985	0.9637	9.00E-04	0.62
THEOCA	Theobroma	cacao	Malvaceae	119	0.908233209	1.671788651	3	3	0.0192	0.0118	0.0141	0.0217	2.7521	0.8617	0.4727	0.4155	9.00E-04	0.013	0.0061	0.0088	0.0152	3.856	1.1602	0.7253	0.5818	8.00E-04	0.42
THEVAH	Thevetia	ahouai	Apocynaceae	545	-0.485686155	0.130395391	2	5	0.0241	0.0187	0.0293	0.0418	3.5837	1.4902	0.6835	0.5511	0.0581	0.0234	0.0178	0.0282	0.0406	3.6792	1.5251	0.7067	0.5658	0.0579	0.606
TOCOPI	Tocoyena	pittieri	Rubiaceae	51	-0.20246296	2.468665631	2	3	0.023	0.017	0.0253	0.0365	3.3965	1.3332	0.6341	0.5204	0.0018	0.013	0.0064	0.0125	0.0217	5.5889	2.0685	1.1933	0.8554	0.0017	0.62
TRATAS	Trattinnickia	aspera	Burseraceae	493	-1.648583413	1.405131454	1	2	0.0292	0.0275	0.0538	0.0721	4.4667	2.3534	0.9297	0.6975	0.0259	0.0211	0.0157	0.036	0.0537	5.9306	3.0219	1.3324	0.9256	0.0245	0.424
TREMMI	Trema	micrantha	Cannabaceae	156	-4.417924323	-0.031226935	1	2	0.0461	0.0686	0.2293	0.2653	7.5474	6.9875	1.9344	1.2222	0.1176	0.0464	0.0695	0.2314	0.2671	7.5	6.9488	1.919	1.2146	0.1183	0.319
TRI1GI	Trichanthera	gigantea	Acanthaceae	52	-0.398055951	-0.382686676	2	5	0.0238	0.0182	0.028	0.0401	3.5247	1.4397	0.6678	0.5414	0.0072	0.026	0.0211	0.0312	0.0434	3.2628	1.345	0.6054	0.5012	0.0073	0.45
TRI2PA	Trichilia	pallida	Meliaceae	2379	0.315230818	0.386009808	2	5	0.0211	0.0143	0.0193	0.0287	3.0792	1.0878	0.5529	0.4686	0.2251	0.0193	0.0123	0.0173	0.0264	3.3286	1.1651	0.6104	0.5064	0.2235	0.698
TRI2TU	Trichilia	tuberculata	Meliaceae	4000	1.000261405	0.019257088	3	1	0.0189	0.0114	0.0135	0.0208	2.7045	0.8311	0.4613	0.4078	5.4355	0.0188	0.0114	0.0134	0.0207	2.7151	0.8339	0.4636	0.4094	5.4339	0.628
TRI4GA	Trichospermum	galeottii	Malvaceae	20	-2.37959649	0.194081592	1	2	0.033	0.035	0.0789	0.1017	5.1301	3.1366	1.1281	0.8088	0.0055	0.0315	0.0324	0.0747	0.0977	5.3349	3.2468	1.1856	0.841	0.0054	0.27
TRIPCU	Triplaris	cumingiana	Polygonaceae	1842	-0.323609707	1.500961946	2	3	0.0235	0.0177	0.0269	0.0387	3.4753	1.3982	0.6548	0.5333	0.0755	0.0166	0.0098	0.0175	0.0282	4.7044	1.8263	0.9617	0.7215	0.0732	0.52
TROPRA	Trophis	racemosa	Moraceae	1790	1.276223011	-1.122270981	3	1	0.0181	0.0104	0.0117	0.0182	2.5668	0.7457	0.4288	0.3857	0.1217	0.0234	0.0163	0.0161	0.0231	2.0467	0.6107	0.3217	0.3077	0.1235	0.659
TURPOC	Turpinia	occidentalis	Tapisciaceae	573	-2.765408702	0.754331351	1	2	0.0351	0.0397	0.0966	0.122	5.519	3.65	1.2493	0.8745	0.0337	0.0295	0.0294	0.0778	0.1041	6.4262	4.1744	1.5156	1.018	0.0319	0.355
UNONPI	Unonopsis	pittieri	Annonaceae	2818	-0.177075205	0.112121342	2	5	0.0229	0.0169	0.0249	0.0361	3.3802	1.32	0.6299	0.5177	0.306	0.0223	0.0161	0.0241	0.0353	3.4575	1.3466	0.6482	0.5295	0.3052	0.368
URERBA	Urera	baccifera	Urticaceae	64	-2.683012754	-1.118483596	1	2	0.0346	0.0387	0.0925	0.1173	5.4335	3.5338	1.2224	0.8601	0.0641	0.0448	0.0603	0.1274	0.1485	4.336	2.896	0.9179	0.6866	0.0707	0.275
VIROSE	Virola	sebifera	Myristicaceae	3947	0.188818945	0.873726113	2	3	0.0216	0.015	0.0206	0.0304	3.1539	1.1432	0.5717	0.4807	0.1745	0.0177	0.0106	0.016	0.0253	3.7618	1.3355	0.7151	0.5732	0.1718	0.445
VIROSP	Virola	multiflora	Myristicaceae	305	-0.857114948	2.290311143	1	3	0.0256	0.0211	0.0356	0.0497	3.8449	1.7243	0.754	0.5942	0.0074	0.0151	0.0085	0.0185	0.0307	6.1031	2.5918	1.3557	0.9423	0.007	0.458
VIROSU	Virola	nobilis	Myristicaceae	1434	-0.799926449	3.072986734	1	3	0.0254	0.0207	0.0345	0.0484	3.8035	1.686	0.7427	0.5873	0.0046	0.0125	0.0061	0.0143	0.0254	7.07	2.9129	1.6317	1.0904	0.0043	0.473
VISMBA	Vismia	baccifera	Clusiaceae	398	-1.176801699	-0.124565548	1	2	0.027	0.0235	0.0421	0.0578	4.0849	1.9552	0.8206	0.6339	0.0667	0.0278	0.0247	0.0436	0.0593	3.9835	1.9123	0.7948	0.6182	0.067	0.43
VISMBI	Vismia	billbergiana	Clusiaceae	18	-0.357386954	0.337643495	2	5	0.0236	0.0179	0.0274	0.0393	3.4976	1.4169	0.6606	0.537	0.0027	0.0219	0.0157	0.0249	0.0366	3.7442	1.5046	0.7203	0.5747	0.0027	0.491
VOCHFE	Vochysia	ferruginea	Vochysiaceae	163	-1.726393425	1.284648942	1	2	0.0296	0.0282	0.0561	0.0748	4.533	2.4265	0.949	0.7086	0.0191	0.022	0.0169	0.0388	0.0571	5.8742	3.0496	1.3188	0.9177	0.0181	0.41
XYL1MA	Xylopia	macrantha	Annonaceae	3098	1.27409141	1.54505366	3	3	0.0181	0.0105	0.0117	0.0183	2.5678	0.7463	0.429	0.3858	0.7007	0.0126	0.0057	0.0075	0.0132	3.507	0.9824	0.6373	0.5267	0.69	0.874
XYL2OL	Xylosma	oligandra	Salicaceae	772	-0.11595775	-0.467265014	2	5	0.0227	0.0165	0.0241	0.0351	3.3413	1.2887	0.6198	0.5113	0.0116	0.0253	0.0199	0.0276	0.0387	3.0407	1.1858	0.5499	0.4654	0.0117	0.719
ZANTBE	Zanthoxylum	ekmanii	Rutaceae	1330	-4.561214085	1.011369691	1	2	0.0472	0.0719	0.2472	0.2838	7.7551	7.3922	2.0092	1.2582	0.6445	0.0374	0.0481	0.185	0.2294	9.5104	8.8497	2.6032	1.5424	0.5396	0.609
ZANTP1	Zanthoxylum	panamense	Rutaceae	1290	-2.303972164	0.212834566	1	2	0.0325	0.0341	0.0759	0.0982	5.0571	3.0447	1.1057	0.7965	0.1781	0.031	0.0313	0.0714	0.0939	5.279	3.1622	1.1677	0.8314	0.1757	0.49
ZANTPR	Zanthoxylum	acuminatum	Rutaceae	924	-2.108813744	0.344673821	1	2	0.0315	0.032	0.0685	0.0896	4.8736	2.82	1.0501	0.7656	0.0599	0.0291	0.0279	0.0621	0.0833	5.2245	2.9983	1.147	0.8207	0.0587	0.609
ZANTSE	Zanthoxylum	setulosum	Rutaceae	6	-0.279637739	1.818462814	2	3	0.0233	0.0175	0.0263	0.0379	3.4465	1.3743	0.6472	0.5286	9.00E-04	0.0153	0.0085	0.0156	0.0258	4.974	1.8993	1.0311	0.7623	9.00E-04	0.469
ZUELGU	Zuelania	guidonia	Salicaceae	234	-0.757186548	-0.235336542	1	2	0.0252	0.0205	0.0338	0.0474	3.7728	1.6579	0.7344	0.5822	0.0351	0.0266	0.0225	0.0361	0.0499	3.5979	1.59	0.6914	0.5553	0.0354	0.602