1.031669 0.4759705 0.5045785 0.1002897 0.01009877 0.002515217 0.02029981 0.1399095 0.4210821 0.7159774 1.074541 0.7847467 0.1691948 0.043637 0.01263936 0.05153778 0.6185737 2.611805 2.001218 1.482984
0.661244 0.5129037 0.34398 0.1199048 0.1428 0.0568396 0.04626372 0.0675277 0.3126611 0.6001742 0.944602 0.9972857 0.8704083 0.2024236 0.04101712 0.2116795 0.4599806 0.4963216 0.5599644 0.3195372
0.3947202 0.4172737 0.2241545 0.2210212 0.5004416 0.1781490 0.1751554 0.3799604 0.591099 1.024698 2.057719 1.688785 1.574624 0.829525 0.3763039 0.5087325 0.795756 0.4249051 0.4719491 0.2304504
0.1573783 0.1486060 0.06216948 0.2657994 0.6564126 1.038689 0.9006611 1.174208 1.965237 2.249158 3.534825 2.681304 1.340293 0.957517 0.7684551 0.9510388 1.017775 0.8763866 0.3264605 0.1341532
0.1030686 0.2178976 0.08650917 0.2889578 0.806887 1.636444 1.758285 1.743996 2.37368 3.379542 3.824620 3.310042 2.755957 1.550921 0.8526833 1.045758 1.004069 0.8352648 0.6373155 0.351074
0.1456988 0.2147838 0.3058316 0.2463645 0.3910099 1.111717 2.203362 1.527762 2.019702 2.159558 2.546792 3.071918 1.864419 1.930498 1.198679 0.7314357 1.429673 1.51638 0.9318507 0.6232265
0.03579771 0.3475207 0.3836301 0.2560351 0.542596 1.321464 2.578774 2.717939 1.398990 1.223760 1.787485 1.369214 1.419341 1.46132 0.7058021 0.2756593 1.010899 1.215330 2.097228 1.232260
0.1312874 0.09475487 0.2085847 0.1811515 0.6468188 1.649276 1.562703 2.32201 1.662275 1.249480 0.7902363 0.6758788 0.6907294 0.7577386 0.4287426 0.3582183 0.9130213 1.539275 1.817557 1.060047
0.1058552 0.08925024 0.1227384 0.4059338 1.312180 1.409114 1.493994 2.272862 2.347514 1.134699 0.5383003 0.4560224 0.5170923 0.2431615 0.4325948 0.4639543 0.5555942 1.440112 1.913567 1.330835
0.2723619 0.2990481 0.2856166 0.6139422 1.166181 1.190456 1.349842 1.848555 1.472094 0.8013062 0.4881317 0.3369356 0.2336132 0.1515217 0.1603195 0.2592794 0.5821048 2.138350 2.971099 1.947718
0.7524228 0.6093319 0.7108769 0.925535 0.5512428 1.126980 1.832937 1.623773 0.9705995 0.6709769 0.2956734 0.3984443 0.3654136 0.1841630 0.1284297 0.2272975 0.642056 1.505125 3.020248 2.924238
0.7738564 0.812499 0.4840616 0.5469101 0.7211038 1.119320 1.716012 1.379042 0.9905475 0.7366416 0.4442405 0.29231 0.1721707 0.2367859 0.3334318 0.3160932 0.525522 1.089248 2.456522 2.879459
0.5687623 0.5212983 0.4922183 0.7262565 1.096682 1.729907 1.20697 0.8644652 0.8238176 0.6957286 0.4403436 0.0919988 0.06484502 0.3229929 0.3618095 0.4520798 0.5865918 0.9192588 1.586688 1.675443
0.3299401 0.2690753 0.627901 0.8410376 2.181222 2.038531 1.802409 0.9068222 0.4364617 0.2789675 0.1993571 0.03060521 0.07561886 0.1170792 0.2528012 0.6047426 1.293864 1.150317 1.240834 1.702307
0.3092405 0.4800079 1.158218 1.182299 2.297136 2.400544 1.450660 0.964037 0.3873133 0.1114516 0.03319811 0.00503673 0.03840404 0.1902132 0.5956264 0.9838542 1.896917 3.24503 2.428144 1.880537
0.02543933 0.4021821 0.9382062 1.258202 2.117579 2.07728 1.275875 0.7630826 0.2495777 0.1255800 0.02801896 0.01773985 0.0541852 0.1871836 0.4096996 1.388967 2.836587 4.233062 3.943268 3.18396
0.00756457 0.1662277 0.858557 1.284829 1.359482 0.8945374 0.8884507 0.8824006 0.6808047 0.3546398 0.0810493 0.0488973 0.07833042 0.1544457 0.8181424 2.485723 2.795465 4.416723 4.9313 4.641505
0.02286629 0.1370272 0.6516043 0.8468436 1.052877 0.7418746 0.6660987 0.5297634 0.3690307 0.2054994 0.08377553 0.1962999 0.1086495 0.2625341 1.142478 2.515795 3.126382 3.718485 5.339743 6.03798
0.1632692 0.5731901 0.7007528 0.6325972 0.5776376 0.4679438 0.5340228 0.3024341 0.07291458 0.07021754 0.0975185 0.3404516 0.2822866 0.5643537 1.067268 1.611259 1.983067 2.645955 3.454194 4.077780
1.081868 1.267000 1.104171 0.7471348 0.7792869 0.3726607 0.1932519 0.1142614 0.01518638 0.05950101 0.2399687 0.4134795 0.4481525 0.6857548 0.977205 1.598899 1.302980 1.772779 2.226 3.622475
