"sp"	"G1"	"G2"	"G3"	"G4"	"mu1"	"mu2"	"mu3"	"mu4"	"F"	"wd"
"1"	"ACACME"	0.38992	0.13626	0.07476	0.05937	0.0166	0.0095	0.0146	0.0236	1.338	0.678
"2"	"ACALDI"	0.41853	0.23872	0.08625	0.06564	0.0355	0.039	0.0759	0.0954	10.0628	0.3
"3"	"ACALMA"	0.4392	0.26819	0.09242	0.06918	0.0381	0.0447	0.0919	0.1129	10.6491	0.3
"4"	"ADE1TR"	0.34348	0.1504	0.06508	0.05297	0.0274	0.0235	0.0366	0.0501	8.5954	0.604
"5"	"AEGIPA"	0.2912	0.12468	0.05254	0.04481	0.0308	0.0286	0.04	0.0526	20.1818	0.657
"6"	"ALCHCO"	0.63133	0.3704	0.14655	0.0994	0.0253	0.0221	0.0554	0.078	1.0484	0.301
"7"	"ALCHLA"	0.45022	0.17809	0.09109	0.06911	0.0179	0.0111	0.0195	0.0307	1.0685	0.42
"8"	"ALIBED"	0.15887	0.04089	0.02288	0.02364	0.0231	0.0154	0.0123	0.0178	55.6093	0.76
"9"	"ALLOPS"	0.46557	0.21335	0.09659	0.07211	0.0222	0.0166	0.0317	0.0464	1.823	0.513
"10"	"ALSEBL"	0.24803	0.05655	0.03999	0.03673	0.0124	0.0052	0.0052	0.0091	2.2586	0.536
"11"	"AMAICO"	0.31706	0.10202	0.05684	0.04798	0.0176	0.0102	0.0135	0.0213	2.9739	0.625
"12"	"ANACEX"	0.72586	0.32654	0.17036	0.11256	0.0141	0.0077	0.019	0.0323	0.1242	0.391
"13"	"ANAXPA"	0.21097	0.06087	0.03332	0.03165	0.0215	0.014	0.0139	0.0205	18.7071	0.53
"14"	"ANDIIN"	0.23226	0.05458	0.03688	0.03444	0.0139	0.0063	0.0061	0.0104	3.85	0.642
"15"	"ANNOAC"	0.1639	0.04439	0.02395	0.02447	0.0245	0.0172	0.0143	0.0202	59.7339	0.518
"16"	"ANNOSP"	0.5946	0.46803	0.14003	0.09524	0.0439	0.0606	0.165	0.1938	6.397	0.559
"17"	"APEIME"	0.71229	0.39554	0.17007	0.11184	0.0205	0.0153	0.0405	0.0609	0.3943	0.278
"18"	"APEITI"	0.52365	0.2781	0.11409	0.08187	0.0255	0.0218	0.0472	0.0661	1.9066	0.2
"19"	"APHESI"	0.36164	0.15944	0.06958	0.05581	0.0264	0.0221	0.0356	0.0493	6.5824	0.652
"20"	"APPUSE"	0.2934	0.1023	0.0519	0.0446	0.0217	0.0149	0.0193	0.0285	6.9689	0.558
"21"	"ARDIBA"	0.25608	0.09102	0.04368	0.03894	0.0254	0.0196	0.0237	0.0332	16.9722	0.599
"22"	"ARDIFE"	0.22029	0.05064	0.03438	0.03261	0.0141	0.0064	0.006	0.0101	4.7026	0.599
"23"	"ARDIGU"	0.24871	0.07926	0.04159	0.03757	0.0217	0.0147	0.0166	0.0245	11.7078	0.62
"24"	"ASPICR"	0.30324	0.07678	0.05233	0.04523	0.0122	0.0052	0.0061	0.0108	1.1745	0.753
"25"	"AST2GR"	0.46002	0.15091	0.09178	0.06984	0.0128	0.006	0.0099	0.0174	0.3722	0.868
"26"	"BANAGU"	0.47179	0.24171	0.09943	0.07357	0.0265	0.0231	0.0462	0.0639	2.9337	0.61
"27"	"BEILPE"	0.35006	0.10844	0.06427	0.05289	0.015	0.0078	0.0107	0.0178	1.3811	0.574
"28"	"BOROPA"	0.2988	0.10547	0.0532	0.04546	0.0217	0.015	0.0198	0.0292	6.6581	0.738
"29"	"BROSAL"	0.38119	0.09968	0.0704	0.05703	0.0104	0.004	0.0054	0.0102	0.3623	0.608
"30"	"BROSGU"	0.33286	0.10651	0.06046	0.05037	0.0166	0.0093	0.0126	0.0203	2.1783	0.844
"31"	"CALOLO"	0.3475	0.13484	0.06522	0.05321	0.0221	0.0158	0.0237	0.0348	4.4086	0.542
"32"	"CAPPFR"	0.13068	0.02141	0.01697	0.01891	0.013	0.0052	0.0031	0.0054	18.4989	0.754
"33"	"CASEAC"	0.22986	0.06303	0.03699	0.0344	0.0182	0.0104	0.0106	0.0166	8.8036	0.66
"34"	"CASEAR"	0.6189	0.37986	0.14355	0.09769	0.0278	0.0262	0.0662	0.0903	1.4727	0.574
"35"	"CASECO"	0.30079	0.08302	0.05226	0.04509	0.0143	0.0069	0.0083	0.014	1.8896	0.63
"36"	"CASEGU"	0.22587	0.05994	0.03605	0.03373	0.0175	0.0097	0.0096	0.0152	8.2878	0.755
"37"	"CASESY"	0.31417	0.13189	0.05779	0.04831	0.0278	0.0238	0.0346	0.0471	11.7422	0.703
"38"	"CASSEL"	0.27968	0.07481	0.04745	0.04184	0.0145	0.007	0.008	0.0135	2.4732	0.637
"39"	"CAVAPL"	0.70164	0.28067	0.16108	0.10802	0.012	0.0056	0.013	0.0234	0.0846	0.36
"40"	"CECRIN"	1.41485	1.53231	0.44029	0.23204	0.0332	0.0409	0.2112	0.2726	0.1969	0.318
"41"	"CECRLO"	0.49066	0.28512	0.10597	0.0771	0.0315	0.0321	0.0691	0.0903	4.3592	0.336
"42"	"CECROB"	0.92955	0.95526	0.2555	0.15164	0.0452	0.068	0.2681	0.3126	1.766	0.307
"43"	"CEDROD"	0.54827	0.32392	0.1224	0.08629	0.0292	0.0283	0.0655	0.0878	2.4741	0.446
"44"	"CEIBPE"	0.77272	0.44061	0.18932	0.12158	0.0199	0.0146	0.0409	0.0623	0.2795	0.305
"45"	"CELTSC"	0.4893	0.20515	0.10198	0.0754	0.0182	0.0116	0.022	0.0345	0.877	0.616
"46"	"CESPMA"	0.54127	0.22213	0.1158	0.08335	0.016	0.0093	0.0185	0.0302	0.4372	0.613
"47"	"CESTME"	0.29279	0.16249	0.05439	0.04576	0.0475	0.0635	0.0988	0.1128	70.8159	0.736
"48"	"CHA2SC"	0.24524	0.06292	0.03991	0.03657	0.0153	0.0076	0.0079	0.013	4.3351	0.756
"49"	"CHIMPA"	0.53901	0.22664	0.11548	0.08312	0.0167	0.0101	0.0202	0.0325	0.5055	0.712
"50"	"CHR1EC"	0.18207	0.04267	0.02698	0.02696	0.0174	0.0093	0.0078	0.0123	15.7669	0.43
"51"	"CHR2AR"	0.27298	0.07772	0.0463	0.04098	0.0165	0.0089	0.0102	0.0165	3.8857	0.765
"52"	"CHR2CA"	0.27748	0.07762	0.04719	0.04162	0.0157	0.0082	0.0094	0.0154	3.2356	0.655
"53"	"CLIDDE"	0.39234	0.29509	0.08177	0.06254	0.0602	0.1024	0.2137	0.2261	57.9135	0.671
"54"	"CLIDOC"	0.40457	0.31619	0.0854	0.06465	0.0624	0.1099	0.2371	0.2479	58.5615	0.671
"55"	"COCCCO"	0.20349	0.04862	0.03118	0.03018	0.0162	0.0082	0.0074	0.012	9.0572	0.672
"56"	"COCCMA"	0.18817	0.03651	0.02758	0.02755	0.0122	0.0049	0.0039	0.0069	5.0902	0.672
"57"	"COLUGL"	0.45328	0.19731	0.09282	0.06998	0.0209	0.0148	0.0272	0.0406	1.6513	0.739
"58"	"CONOBR"	0.43032	0.21605	0.08817	0.06699	0.0279	0.0251	0.0472	0.0642	4.5428	0.671
"59"	"CONOCI"	0.2287	0.10742	0.03893	0.03534	0.0453	0.0561	0.0706	0.0818	131.0779	0.671
"60"	"CORDAL"	0.70658	0.42949	0.16995	0.11154	0.0241	0.0206	0.056	0.0801	0.6472	0.517
"61"	"CORDBI"	0.46905	0.23	0.09822	0.07295	0.0247	0.0203	0.0398	0.0564	2.4418	0.475
"62"	"CORDLA"	0.33969	0.13306	0.06341	0.05204	0.0229	0.0169	0.0251	0.0363	5.2758	0.397
"63"	"COU2CU"	0.2668	0.08073	0.04526	0.04019	0.0186	0.0111	0.0129	0.02	6.0109	0.618
"64"	"COUTHE"	0.42393	0.15593	0.08367	0.06477	0.0167	0.0097	0.0161	0.0259	1.0584	0.6
"65"	"CROTBI"	0.61727	0.61368	0.15062	0.10028	0.0629	0.1182	0.3604	0.3766	16.3786	0.516
"66"	"CUPACI"	0.32761	0.12235	0.06022	0.05003	0.0219	0.0154	0.022	0.0324	5.1455	0.5
"67"	"CUPALA"	0.43551	0.16905	0.08711	0.06676	0.0179	0.011	0.0189	0.0298	1.1812	0.609
"68"	"CUPARU"	0.29288	0.08055	0.05049	0.04389	0.0145	0.0071	0.0084	0.0142	2.1694	0.609
"69"	"CUPASY"	0.21648	0.03951	0.0328	0.03161	0.0097	0.0032	0.0027	0.0052	1.657	0.609
"70"	"CYPHHA"	0.38485	0.22952	0.07783	0.06049	0.0415	0.0513	0.0966	0.1154	20.493	0.422
"71"	"DENDAR"	0.59318	0.29075	0.13272	0.09236	0.0198	0.0139	0.0314	0.0479	0.6182	0.421
"72"	"DES2PA"	0.18788	0.05109	0.02854	0.02807	0.0217	0.014	0.0126	0.0186	27.4285	0.764
"73"	"DIO2AR"	0.34766	0.09697	0.063	0.05219	0.0127	0.0057	0.0074	0.0131	0.8544	0.697
"74"	"DIPTPA"	0.52346	0.17873	0.10878	0.07971	0.0121	0.0055	0.01	0.0179	0.2134	0.848
"75"	"DRYPST"	0.2867	0.07461	0.04884	0.04282	0.0135	0.0062	0.0071	0.0122	1.8684	0.675
"76"	"ENTESC"	0.53867	0.19371	0.11348	0.08229	0.0129	0.0062	0.0117	0.0205	0.2335	0.699
"77"	"ERY1CO"	0.28386	0.11295	0.05045	0.04348	0.0279	0.0237	0.0317	0.0431	16.2838	0.288
"78"	"ERY2MA"	0.22332	0.08352	0.03685	0.03404	0.0315	0.0287	0.0325	0.0424	48.6163	0.71
"79"	"ERY2PA"	0.18435	0.05115	0.02791	0.02758	0.0228	0.0154	0.0138	0.02	33.8868	0.72
"80"	"EUGECO"	0.26605	0.09353	0.04582	0.04044	0.0241	0.0179	0.0219	0.0313	12.8549	0.726
"81"	"EUGEGA"	0.17166	0.04518	0.02533	0.02559	0.0223	0.0146	0.0124	0.018	39.5316	0.726
"82"	"EUGENE"	0.1775	0.0393	0.02596	0.02619	0.0162	0.0081	0.0065	0.0106	13.8015	0.726
"83"	"EUGEOE"	0.29238	0.11761	0.05246	0.04483	0.0277	0.0234	0.032	0.0436	14.461	0.726
"84"	"FARAOC"	0.27965	0.0781	0.04766	0.04194	0.0156	0.0081	0.0093	0.0153	3.0671	0.588
"85"	"FICUIN"	0.52134	0.25164	0.11229	0.08105	0.0218	0.0163	0.0339	0.05	1.2177	0.377
"86"	"FICUMA"	0.56859	0.23586	0.12349	0.08763	0.0155	0.0089	0.0183	0.0301	0.3459	0.36
"87"	"FICUTO"	0.40411	0.1702	0.07984	0.06223	0.022	0.016	0.0272	0.0399	2.7416	0.424
"88"	"FICUYO"	0.55097	0.21052	0.11757	0.08449	0.0139	0.0072	0.0141	0.0241	0.2765	0.424
"89"	"GAR2IN"	0.22627	0.05914	0.03607	0.03376	0.017	0.0092	0.0091	0.0146	7.6053	0.662
"90"	"GAR2MA"	0.23223	0.08198	0.03851	0.03528	0.0276	0.0225	0.0255	0.0348	29.0531	0.727
"91"	"GENIAM"	0.32678	0.09376	0.05836	0.04913	0.0141	0.0068	0.0088	0.0149	1.412	0.632
"92"	"GUAPST"	0.59682	0.24106	0.13103	0.09186	0.0142	0.0075	0.0158	0.0269	0.2283	0.599
"93"	"GUARGR"	0.36741	0.1154	0.06848	0.05557	0.0147	0.0075	0.0107	0.0179	1.1154	0.545
"94"	"GUARGU"	0.28246	0.08314	0.04855	0.0425	0.0169	0.0093	0.0111	0.0177	3.7533	0.568
"95"	"GUARSP"	0.19515	0.06334	0.03053	0.02948	0.0282	0.0229	0.0227	0.0306	52.906	0.561
"96"	"GUATDU"	0.42372	0.18388	0.08511	0.06538	0.0221	0.0163	0.0288	0.0422	2.4118	0.466
"97"	"GUAZUL"	0.75331	0.39861	0.18179	0.11798	0.018	0.012	0.0323	0.0508	0.2238	0.522
"98"	"GUETFO"	0.3017	0.09435	0.05317	0.04557	0.0176	0.0101	0.0128	0.0203	3.4503	0.725
"99"	"GUSTSU"	0.43605	0.13256	0.08501	0.06588	0.0118	0.0051	0.008	0.0144	0.3487	0.58
"100"	"HAMEAX"	0.24422	0.10524	0.04196	0.03756	0.0368	0.0386	0.0488	0.0606	58.24	0.618
"101"	"HAMEPA"	0.34324	0.13784	0.06443	0.05266	0.0237	0.018	0.0271	0.0388	5.6193	0.763
"102"	"HAMPAP"	0.70091	0.61321	0.17487	0.11308	0.0449	0.0647	0.2026	0.2363	4.134	0.245
"103"	"HASSFL"	0.40859	0.19344	0.08199	0.06337	0.0265	0.0227	0.0405	0.0559	4.5927	0.53
"104"	"HEISAC"	0.31813	0.09541	0.05666	0.04794	0.0156	0.0082	0.0105	0.0173	2.057	0.696
"105"	"HEISCO"	0.37442	0.10817	0.06954	0.05635	0.0125	0.0056	0.0078	0.0138	0.6595	0.64
"106"	"HERRPU"	0.19939	0.0456	0.03024	0.02949	0.0153	0.0074	0.0065	0.0107	8.2152	0.476
"107"	"HIRTAM"	0.3046	0.11205	0.05477	0.04646	0.0229	0.0166	0.0225	0.0325	7.3059	0.782
"108"	"HIRTTR"	0.27719	0.07769	0.04714	0.04158	0.0158	0.0083	0.0095	0.0156	3.2877	0.683
"109"	"HURACR"	0.67565	0.26608	0.15321	0.1039	0.0121	0.0057	0.0128	0.0229	0.0976	0.367
"110"	"HYBAPR"	0.16022	0.0432	0.02325	0.02391	0.0248	0.0176	0.0144	0.0203	66.6645	0.67
"111"	"HYERAL"	0.54351	0.23846	0.11725	0.08403	0.0178	0.0113	0.0233	0.0366	0.5945	0.509
"112"	"INGACO"	0.44759	0.24129	0.09344	0.06999	0.0303	0.0294	0.0582	0.0771	5.1377	0.581
"113"	"INGAFA"	0.3787	0.14343	0.07263	0.05793	0.0196	0.0128	0.02	0.0305	2.3651	0.653
"114"	"INGAGO"	0.35372	0.15026	0.06737	0.05446	0.0253	0.0204	0.032	0.0449	6.2277	0.581
"115"	"INGAM1"	0.37226	0.14377	0.0712	0.057	0.0205	0.014	0.0218	0.0327	2.8807	0.581
"116"	"INGAMA"	0.5047	0.31491	0.11071	0.07966	0.0346	0.0382	0.0861	0.1093	5.2614	0.552
"117"	"INGAMI"	0.46023	0.21645	0.09544	0.07139	0.0235	0.0184	0.0351	0.0505	2.2177	0.425
"118"	"INGAPE"	0.41146	0.21098	0.08344	0.06412	0.0302	0.0288	0.0532	0.0705	6.5519	0.606
"119"	"INGAPU"	0.51247	0.26865	0.11082	0.08005	0.0254	0.0217	0.0461	0.0646	2.0282	0.56
"120"	"INGAQU"	0.33265	0.11134	0.0607	0.05048	0.0179	0.0107	0.0148	0.0232	2.7322	0.56
"121"	"INGARU"	0.40996	0.17833	0.0816	0.06326	0.0229	0.0173	0.03	0.0435	2.9596	0.581
"122"	"INGAS1"	0.38557	0.13833	0.07389	0.05879	0.0176	0.0105	0.0162	0.0257	1.6278	0.581
"123"	"INGASA"	0.44425	0.20074	0.09082	0.06873	0.0227	0.0172	0.0316	0.046	2.2351	0.581
"124"	"INGASP"	0.53543	0.24497	0.11554	0.08298	0.0194	0.0132	0.0274	0.0419	0.799	0.581
"125"	"INGATH"	0.48099	0.19242	0.09926	0.07391	0.0171	0.0103	0.019	0.0304	0.7678	0.581
"126"	"INGAUM"	0.26667	0.08722	0.0456	0.04036	0.0213	0.0142	0.017	0.0252	8.8677	0.724
"127"	"JAC1CO"	0.89941	0.56085	0.23221	0.14238	0.02	0.0151	0.0481	0.073	0.1794	0.351
"128"	"KOANWE"	0.27282	0.1084	0.04794	0.04178	0.0289	0.0251	0.0329	0.0441	20.3824	0.668
"129"	"LACIAG"	0.22854	0.08049	0.03772	0.03472	0.0279	0.0229	0.0257	0.0349	31.5215	0.505
"130"	"LACMPA"	0.52851	0.17263	0.10961	0.08027	0.0111	0.0047	0.0085	0.0156	0.1619	0.472
"131"	"LAETPR"	0.62049	0.28643	0.13971	0.09629	0.0171	0.0107	0.0243	0.0388	0.3529	0.647
"132"	"LAETTH"	0.26851	0.09884	0.04659	0.04093	0.0258	0.0203	0.0255	0.0356	15.3096	0.66
"133"	"LAFOPU"	0.62328	0.25813	0.1389	0.0961	0.0142	0.0076	0.0166	0.0281	0.2006	0.705
"134"	"LEANDI"	0.34668	0.15611	0.06606	0.05356	0.0285	0.0253	0.04	0.0541	9.3538	0.671
"135"	"LICAHY"	0.2157	0.05497	0.03383	0.03213	0.0171	0.0092	0.0088	0.014	8.8786	0.909
"136"	"LICAPL"	0.25976	0.08526	0.04411	0.03932	0.0219	0.015	0.0177	0.0259	10.5158	0.62
"137"	"LINDLA"	0.45436	0.19225	0.09283	0.07003	0.0199	0.0135	0.0245	0.0373	1.4147	0.56
"138"	"LONCLA"	0.30804	0.11043	0.05541	0.04691	0.0217	0.015	0.0203	0.0299	6.0173	0.687
"139"	"LOZAPI"	0.39769	0.21694	0.0804	0.06219	0.0346	0.0369	0.0683	0.0867	10.8663	0.509
"140"	"LUEHSE"	0.60533	0.29401	0.13609	0.09421	0.0191	0.0131	0.0298	0.0459	0.5248	0.417
"141"	"MACLTI"	0.5467	0.23627	0.11794	0.08445	0.0173	0.0107	0.0219	0.0349	0.5332	0.792
"142"	"MACRGL"	0.32488	0.09378	0.05796	0.04886	0.0143	0.007	0.009	0.0152	1.5051	0.45
"143"	"MALMSP"	0.20213	0.04055	0.03034	0.02967	0.0121	0.0048	0.004	0.0072	3.9587	0.565
"144"	"MALPRO"	0.13846	0.03664	0.01924	0.02062	0.0276	0.021	0.0156	0.0212	142.6032	0.569
"145"	"MAQUCO"	0.2671	0.07922	0.04523	0.04019	0.018	0.0105	0.012	0.0189	5.4035	0.766
"146"	"MAR1LA"	0.3476	0.10394	0.06345	0.0524	0.0142	0.007	0.0095	0.0161	1.2077	0.655
"147"	"MARGNO"	0.46896	0.19655	0.09657	0.07225	0.019	0.0125	0.023	0.0355	1.1218	0.596
"148"	"MAYTSC"	0.35238	0.10106	0.06428	0.05299	0.0131	0.006	0.0081	0.0141	0.9063	0.71
"149"	"MICOAF"	0.36631	0.19627	0.07222	0.0572	0.0363	0.0398	0.0697	0.087	16.0697	0.619
"150"	"MICOAR"	0.51394	0.39575	0.11589	0.08215	0.0486	0.0715	0.1769	0.201	13.4422	0.589
"151"	"MICODO"	0.36365	0.15099	0.06963	0.05592	0.0237	0.0182	0.0287	0.0412	4.731	0.619
"152"	"MICOEL"	0.34657	0.15606	0.06603	0.05354	0.0285	0.0253	0.0401	0.0541	9.3729	0.47
"153"	"MICOHO"	0.43689	0.18024	0.08804	0.06722	0.0197	0.0133	0.0233	0.0355	1.5689	0.619
"154"	"MICOIM"	0.26725	0.09341	0.04606	0.04061	0.0237	0.0174	0.0214	0.0306	12.1741	0.747
"155"	"MICONE"	0.25325	0.14276	0.04524	0.03959	0.056	0.0841	0.1208	0.1307	178.6582	0.619
"156"	"MICOPR"	0.40048	0.16446	0.0787	0.06157	0.0213	0.0151	0.0251	0.0373	2.55	0.688
"157"	"MOURMY"	0.16963	0.04765	0.02512	0.02538	0.0252	0.0183	0.0157	0.022	58.5535	0.834
"158"	"MYRCGA"	0.30989	0.11738	0.05616	0.04735	0.0236	0.0177	0.0245	0.0351	7.6397	0.814
"159"	"MYROFR"	0.32665	0.11155	0.05943	0.04962	0.0189	0.0117	0.0161	0.0249	3.3575	0.83
"160"	"NECTCI"	0.52278	0.2041	0.11017	0.08025	0.0152	0.0084	0.0161	0.0267	0.4182	0.59
"161"	"NECTGL"	0.44277	0.21407	0.09109	0.06878	0.0255	0.0213	0.0402	0.0563	3.1887	0.572
"162"	"NECTPU"	0.44392	0.17357	0.08934	0.06809	0.0178	0.011	0.019	0.03	1.0952	0.559
"163"	"NECTS1"	0.44091	0.19704	0.08984	0.06817	0.0224	0.0168	0.0306	0.0447	2.2113	0.572
"164"	"NEEAAM"	0.12448	0.0314	0.0167	0.01848	0.0282	0.0214	0.0147	0.0198	209.1511	0.63
"165"	"OCHRPY"	0.63858	0.39134	0.14941	0.10081	0.0269	0.0248	0.0638	0.088	1.2173	0.158
"166"	"OCOTCE"	0.33429	0.10794	0.06085	0.05062	0.0168	0.0095	0.0129	0.0207	2.2216	0.454
"167"	"OCOTOB"	0.66981	0.44743	0.1603	0.10631	0.0297	0.03	0.0823	0.1098	1.4128	0.386
"168"	"OCOTPU"	0.54511	0.27524	0.11947	0.08499	0.0225	0.0175	0.038	0.0554	1.1739	0.432
"169"	"OCOTWH"	0.67018	0.37898	0.15759	0.10531	0.0224	0.0179	0.0459	0.0671	0.616	0.526
"170"	"OLMEAS"	0.45311	0.21532	0.09365	0.07032	0.0242	0.0195	0.037	0.0526	2.5577	0.47
"171"	"ORMOAM"	0.34422	0.11232	0.06325	0.05216	0.0166	0.0094	0.013	0.021	1.9726	0.59
"172"	"ORMOCR"	0.33735	0.0789	0.05948	0.05011	0.0097	0.0034	0.0041	0.0079	0.4252	0.625
"173"	"ORMOMA"	0.26541	0.05623	0.04328	0.03914	0.0103	0.0037	0.0037	0.007	1.0561	0.59
"174"	"OURALU"	0.1267	0.02474	0.01662	0.01852	0.018	0.0094	0.0059	0.0092	53.0283	0.727
"175"	"PALIGU"	0.57477	0.53854	0.13659	0.09301	0.0608	0.1102	0.3145	0.3321	18.5161	0.54
"176"	"PENTMA"	0.1728	0.04733	0.02566	0.02582	0.0238	0.0164	0.0141	0.0202	46.3754	0.636
"177"	"PEREXA"	0.36659	0.12077	0.06864	0.0556	0.0159	0.0087	0.0127	0.0207	1.4318	0.56
"178"	"PHOECI"	0.52346	0.23127	0.11182	0.08095	0.0187	0.0123	0.0248	0.0384	0.7665	0.472
"179"	"PICRLA"	0.22923	0.07839	0.03774	0.03476	0.0265	0.0208	0.0231	0.032	26.7723	0.584
"180"	"PIPEA1"	0.32564	0.1481	0.06103	0.05032	0.0307	0.0288	0.0442	0.0582	14.1697	0.383
"181"	"PIPEAE"	0.23568	0.09706	0.03989	0.03614	0.0353	0.0355	0.0432	0.0543	57.2401	0.383
"182"	"PIPECA"	0.34466	0.15622	0.06561	0.05326	0.029	0.026	0.0412	0.0554	9.9995	0.383
"183"	"PIPECO"	0.09597	0.02967	0.01223	0.0144	0.0508	0.0613	0.039	0.0434	2627.0074	0.383
"184"	"PIPECU"	0.37056	0.19979	0.07335	0.05789	0.0362	0.0398	0.0704	0.0879	15.4931	0.383
"185"	"PIPEPE"	0.10583	0.02913	0.01369	0.01578	0.0381	0.0365	0.0235	0.0288	833.3237	0.383
"186"	"PIPERE"	0.34225	0.12988	0.06381	0.05233	0.0216	0.0151	0.0223	0.0329	4.3153	0.33
"187"	"PIT1MA"	0.51534	0.19856	0.10801	0.07904	0.0151	0.0082	0.0156	0.0259	0.4259	0.438
"188"	"PIT1RU"	0.44467	0.17425	0.08956	0.06821	0.0178	0.011	0.0192	0.0302	1.0965	0.678
"189"	"PLA1PI"	0.3687	0.15394	0.07091	0.05672	0.0237	0.0181	0.0289	0.0414	4.4872	0.721
"190"	"PLA2EL"	0.47563	0.22741	0.09973	0.07386	0.0234	0.0184	0.036	0.0518	1.9857	0.806
"191"	"POCHQU"	0.49527	0.21189	0.1038	0.07642	0.0187	0.0122	0.0234	0.0363	0.9031	0.584
"192"	"POCHSE"	0.45263	0.14728	0.08982	0.06867	0.0128	0.006	0.0098	0.0172	0.3929	0.42
"193"	"POSOLA"	0.26651	0.06748	0.04434	0.03972	0.0138	0.0064	0.0069	0.0118	2.4967	0.57
"194"	"POULAR"	0.5564	0.28942	0.12304	0.08691	0.0232	0.0186	0.0413	0.0596	1.2069	0.35
"195"	"POURBI"	0.56614	0.26594	0.12445	0.0879	0.0192	0.0131	0.0284	0.0436	0.6575	0.353
"196"	"POUTFO"	0.50884	0.17676	0.1051	0.07755	0.0128	0.0061	0.011	0.0192	0.2743	0.714
"197"	"POUTRE"	0.28523	0.08708	0.04935	0.04301	0.0178	0.0103	0.0125	0.0196	4.2523	0.794
"198"	"POUTST"	0.35063	0.10092	0.0639	0.05274	0.0132	0.0062	0.0082	0.0143	0.9501	0.714
"199"	"PRI2CO"	0.41327	0.10836	0.07811	0.06187	0.0097	0.0035	0.005	0.0097	0.229	0.414
"200"	"PROTCO"	0.31579	0.1276	0.05794	0.04845	0.0259	0.0209	0.0301	0.0419	9.4285	0.576
"201"	"PROTPA"	0.24755	0.08018	0.04141	0.03743	0.0224	0.0155	0.0177	0.0258	13.0446	0.452
"202"	"PROTSP"	0.31816	0.10559	0.05728	0.04824	0.0185	0.0112	0.015	0.0233	3.398	0.576
"203"	"PROTTE"	0.30983	0.0939	0.05483	0.04672	0.0162	0.0088	0.0112	0.0181	2.5281	0.57
"204"	"PSE1SE"	0.60845	0.31277	0.13782	0.09502	0.0209	0.0155	0.0362	0.0541	0.6749	0.212
"205"	"PSIDFR"	0.20683	0.04812	0.03175	0.03063	0.0152	0.0074	0.0066	0.011	7.2138	0.81
"206"	"PSYCAC"	0.32091	0.1846	0.06142	0.05029	0.0463	0.0613	0.1022	0.1177	49.5206	0.527
"207"	"PSYCCH"	0.24743	0.09657	0.04222	0.03783	0.0308	0.0278	0.034	0.0448	33.0002	0.525
"208"	"PSYCDE"	0.20812	0.09034	0.03421	0.032	0.0433	0.051	0.0588	0.0691	153.6525	0.48
"209"	"PSYCG1"	0.24621	0.1154	0.04278	0.03806	0.0421	0.0495	0.065	0.0772	84.2628	0.525
"210"	"PSYCG3"	0.26285	0.1226	0.0465	0.04063	0.0392	0.0439	0.0599	0.0727	56.1416	0.295
"211"	"PSYCHO"	0.15936	0.05391	0.02365	0.0241	0.0366	0.036	0.0321	0.0398	212.1976	0.525
"212"	"PSYCLI"	0.16916	0.05574	0.02546	0.02555	0.0331	0.0302	0.0276	0.0354	131.4171	0.525
"213"	"PSYCMA"	0.14647	0.05242	0.02136	0.02222	0.0436	0.0491	0.0426	0.0499	459.2087	0.525
"214"	"PSYCPI"	0.28088	0.11887	0.0501	0.04318	0.0313	0.0292	0.0398	0.0521	23.521	0.525
"215"	"PSYCPS"	0.3616	0.15217	0.06923	0.05565	0.0244	0.0191	0.0303	0.043	5.2279	0.525
"216"	"PSYCRA"	0.3094	0.14136	0.05718	0.04781	0.0325	0.0317	0.0472	0.0611	19.5391	0.525
"217"	"PTEROF"	0.46766	0.21803	0.09733	0.07251	0.0228	0.0174	0.0335	0.0487	1.9341	0.38
"218"	"PTERRO"	0.25501	0.08361	0.04308	0.03859	0.0223	0.0154	0.0179	0.0262	11.6467	0.58
"219"	"QUARAS"	0.38481	0.11213	0.07209	0.05795	0.0124	0.0055	0.0078	0.0139	0.5865	0.454
"220"	"QUASAM"	0.23238	0.05913	0.03722	0.03462	0.0159	0.0081	0.0081	0.0132	5.7015	0.47
"221"	"RANDAR"	0.25743	0.07439	0.04302	0.03867	0.0178	0.0102	0.0114	0.0179	5.8919	0.668
"222"	"RANDFO"	0.35441	0.12512	0.06621	0.05397	0.0185	0.0114	0.0167	0.0259	2.4588	0.636
"223"	"RAUVLI"	0.33372	0.12873	0.06188	0.05107	0.0227	0.0166	0.0242	0.0351	5.4223	0.474
"224"	"RINOSY"	0.14832	0.03363	0.02067	0.0219	0.0199	0.0116	0.0085	0.0128	44.3014	0.671
"225"	"SAPIAU"	0.54426	0.34582	0.12219	0.08603	0.0333	0.0359	0.0851	0.1094	3.7054	0.415
"226"	"SAPISP"	0.51573	0.20329	0.10838	0.0792	0.0156	0.0088	0.0168	0.0277	0.4748	0.413
"227"	"SCH2MO"	0.46471	0.19208	0.09531	0.07153	0.0187	0.0121	0.0221	0.0343	1.1043	0.454
"228"	"SCHIPA"	0.52937	0.1932	0.11115	0.08094	0.0134	0.0067	0.0125	0.0217	0.2782	0.346
"229"	"SENNDA"	0.44961	0.3142	0.09662	0.0714	0.0468	0.0655	0.144	0.1655	18.1411	0.631
"230"	"SIMAAM"	0.56099	0.34051	0.12641	0.08845	0.0299	0.0296	0.0703	0.0936	2.4744	0.385
"231"	"SIPAGU"	0.4566	0.15512	0.09125	0.06946	0.0136	0.0068	0.0113	0.0194	0.4625	0.656
"232"	"SIPAPA"	0.34969	0.11789	0.06477	0.0531	0.0173	0.0101	0.0144	0.0228	2.115	0.656
"233"	"SLOATE"	0.24827	0.0581	0.04015	0.03682	0.0129	0.0056	0.0056	0.0098	2.5564	0.625
"234"	"SOLAAS"	0.41934	0.26061	0.08726	0.06611	0.041	0.0508	0.1024	0.1228	15.2264	0.422
"235"	"SOLAHA"	0.61363	0.58407	0.14879	0.09943	0.0587	0.1042	0.3112	0.3325	13.6597	0.422
"236"	"SOLAST"	0.41591	0.20436	0.08421	0.06465	0.0278	0.0248	0.0453	0.0617	4.979	0.422
"237"	"SOROAF"	0.23491	0.0679	0.03825	0.03527	0.0195	0.0118	0.0125	0.0191	10.0715	0.608
"238"	"SPACME"	0.36298	0.12206	0.06792	0.05512	0.0167	0.0095	0.0137	0.0221	1.6794	0.595
"239"	"SPONMO"	0.65953	0.38223	0.15479	0.10378	0.0237	0.0198	0.0508	0.0729	0.7641	0.391
"240"	"SPONRA"	0.55722	0.29739	0.12361	0.08718	0.0242	0.0201	0.0451	0.0643	1.3591	0.431
"241"	"STERAP"	0.52172	0.19256	0.10922	0.07981	0.0138	0.0071	0.0132	0.0226	0.3202	0.388
"242"	"STYLST"	0.18049	0.04744	0.02701	0.02691	0.0213	0.0134	0.0117	0.0173	29.3006	0.482
"243"	"SWARS1"	0.19202	0.03161	0.02782	0.02785	0.0091	0.0028	0.0021	0.0042	2.0017	0.844
"244"	"SYMPGL"	0.39808	0.1821	0.079	0.0616	0.0257	0.0213	0.0368	0.0515	4.5108	0.6
"245"	"TAB1GU"	0.36518	0.10298	0.06717	0.05487	0.0123	0.0054	0.0074	0.0131	0.6767	0.618
"246"	"TAB1RO"	0.32828	0.12199	0.06035	0.05012	0.0217	0.0152	0.0216	0.0318	4.9594	0.53
"247"	"TAB2AR"	0.36244	0.11095	0.06711	0.05473	0.0142	0.0071	0.0099	0.0168	1.0632	0.525
"248"	"TACHVE"	0.36625	0.16385	0.07083	0.05657	0.0267	0.0227	0.037	0.0511	6.573	0.557
"249"	"TALINE"	0.14999	0.02791	0.02053	0.02188	0.0141	0.0062	0.0042	0.0071	15.5651	0.85
"250"	"TALIPR"	0.15798	0.02998	0.02199	0.02308	0.0139	0.006	0.0043	0.0073	12.6803	0.85
"251"	"TERMAM"	0.52307	0.17441	0.1084	0.07954	0.0116	0.0051	0.0092	0.0167	0.1905	0.674
"252"	"TERMOB"	0.5528	0.20057	0.11742	0.08451	0.0127	0.0061	0.0117	0.0207	0.2098	0.694
"253"	"TERNTE"	0.4781	0.20717	0.09934	0.07381	0.0197	0.0134	0.0253	0.0386	1.1826	0.618
"254"	"TET2PA"	0.2757	0.07708	0.04681	0.04135	0.0158	0.0083	0.0095	0.0155	3.3509	0.717
"255"	"TET4JO"	0.62111	0.28605	0.13985	0.09637	0.0171	0.0106	0.0241	0.0386	0.3469	0.62
"256"	"THEOCA"	0.3856	0.11602	0.07253	0.05818	0.013	0.0061	0.0088	0.0152	0.6795	0.42
"257"	"THEVAH"	0.36792	0.15251	0.07067	0.05658	0.0234	0.0178	0.0282	0.0406	4.3837	0.606
"258"	"TOCOPI"	0.55889	0.20685	0.11933	0.08554	0.013	0.0064	0.0125	0.0217	0.2172	0.62
"259"	"TRATAS"	0.59306	0.30219	0.13324	0.09256	0.0211	0.0157	0.036	0.0537	0.7503	0.424
"260"	"TREMMI"	0.75	0.69488	0.1919	0.12146	0.0464	0.0695	0.2314	0.2671	3.6997	0.319
"261"	"TRI1GI"	0.32628	0.1345	0.06054	0.05012	0.026	0.0211	0.0312	0.0434	8.5992	0.45
"262"	"TRI2PA"	0.33286	0.11651	0.06104	0.05064	0.0193	0.0123	0.0173	0.0264	3.3996	0.698
"263"	"TRI2TU"	0.27151	0.08339	0.04636	0.04094	0.0188	0.0114	0.0134	0.0207	5.8433	0.628
"264"	"TRI4GA"	0.53349	0.32468	0.11856	0.0841	0.0315	0.0324	0.0747	0.0977	3.3624	0.27
"265"	"TRIPCU"	0.47044	0.18263	0.09617	0.07215	0.0166	0.0098	0.0175	0.0282	0.753	0.52
"266"	"TROPRA"	0.20467	0.06107	0.03217	0.03077	0.0234	0.0163	0.0161	0.0231	26.3686	0.659
"267"	"TURPOC"	0.64262	0.41744	0.15156	0.1018	0.0295	0.0294	0.0778	0.1041	1.5667	0.355
"268"	"UNONPI"	0.34575	0.13466	0.06482	0.05295	0.0223	0.0161	0.0241	0.0353	4.6244	0.368
"269"	"URERBA"	0.4336	0.2896	0.09179	0.06866	0.0448	0.0603	0.1274	0.1485	17.9115	0.275
"270"	"VIROSE"	0.37618	0.13355	0.07151	0.05732	0.0177	0.0106	0.016	0.0253	1.7843	0.445
"271"	"VIROSP"	0.61031	0.25918	0.13557	0.09423	0.0151	0.0085	0.0185	0.0307	0.257	0.458
"272"	"VIROSU"	0.707	0.29129	0.16317	0.10904	0.0125	0.0061	0.0143	0.0254	0.0937	0.473
"273"	"VISMBA"	0.39835	0.19123	0.07948	0.06182	0.0278	0.0247	0.0436	0.0593	5.7079	0.43
"274"	"VISMBI"	0.37442	0.15046	0.07203	0.05747	0.0219	0.0157	0.0249	0.0366	3.3923	0.491
"275"	"VOCHFE"	0.58742	0.30496	0.13188	0.09177	0.022	0.0169	0.0388	0.0571	0.8706	0.41
"276"	"XYL1MA"	0.3507	0.09824	0.06373	0.05267	0.0126	0.0057	0.0075	0.0132	0.8296	0.874
"277"	"XYL2OL"	0.30407	0.11858	0.05499	0.04654	0.0253	0.0199	0.0276	0.0387	9.8606	0.719
"278"	"ZANTBE"	0.95104	0.88497	0.26032	0.15424	0.0374	0.0481	0.185	0.2294	0.9441	0.609
"279"	"ZANTP1"	0.5279	0.31622	0.11677	0.08314	0.031	0.0313	0.0714	0.0939	3.3056	0.49
"280"	"ZANTPR"	0.52245	0.29983	0.1147	0.08207	0.0291	0.0279	0.0621	0.0833	2.8391	0.609
"281"	"ZANTSE"	0.4974	0.18993	0.10311	0.07623	0.0153	0.0085	0.0156	0.0258	0.501	0.469
"282"	"ZUELGU"	0.35979	0.159	0.06914	0.05553	0.0266	0.0225	0.0361	0.0499	6.8617	0.602
